"hectad","to 1929","1930 - 1949","1950 - 1969","1970 - 1986","1987 - 1999","2000 - 2009","2010 - 2019","atlasstatus"
"C30",1,0,0,0,0,0,0,"a"
"C42",0,0,0,0,0,0,1,
"C52",0,0,0,0,1,0,1,"a"
"C80",0,0,0,0,0,1,0,
"C83",1,0,0,0,0,0,0,
"C90",0,0,0,0,0,0,1,
"D00",1,0,0,0,0,0,0,"a"
"D22",1,0,0,0,0,0,0,"a"
"D31",1,0,0,0,0,0,0,"a"
"F62",0,0,1,0,0,0,0,"a"
"G43",0,0,0,0,0,0,1,
"G63",0,0,0,0,0,0,1,
"G91",0,0,0,0,0,0,1,
"G95",1,0,0,0,0,0,0,
"H14",0,0,0,0,0,0,1,
"H20",0,0,0,0,0,0,1,
"H24",1,0,0,0,0,0,1,"a"
"H32",1,1,1,0,0,0,0,"a"
"H39",1,0,0,0,0,1,1,"a"
"H63",0,0,0,0,1,0,0,"a"
"H69",1,0,0,0,0,0,0,
"H74",0,0,0,0,1,0,0,"a"
"H75",0,0,0,0,0,1,0,
"H84",1,0,0,0,0,0,0,"a"
"H87",0,0,1,0,0,0,0,"a"
"H99",1,0,0,0,1,0,0,"a"
"HP60",1,0,0,0,0,0,0,"a"
"HU31",1,0,0,0,0,0,0,"a"
"HU43",1,0,0,0,0,0,0,"a"
"HY20",1,0,0,0,0,0,0,
"HY22",1,0,1,0,0,0,0,"n"
"HY30",0,0,0,0,1,1,1,
"HY31",0,0,0,0,1,1,1,"n"
"HY44",1,0,0,0,0,0,0,"n"
"HY50",1,0,0,0,0,0,0,"n"
"HY60",0,0,0,0,0,0,1,
"HY64",0,0,0,0,1,0,0,"n"
"J04",1,0,0,0,0,0,0,"a"
"J06",1,0,0,0,0,0,0,"a"
"J14",1,0,0,0,0,0,0,"a"
"J15",1,0,0,0,0,0,0,
"J18",1,0,0,0,0,0,1,"a"
"J21",0,0,0,0,0,0,1,
"J25",0,0,0,0,1,0,0,"a"
"J26",1,0,0,0,0,0,0,"a"
"J37",1,1,0,0,1,1,1,"a"
"J38",1,1,0,0,0,0,0,"a"
"J45",1,0,0,0,0,0,0,"a"
"J48",0,0,0,0,0,1,0,
"J49",0,0,0,0,1,0,1,"a"
"J64",0,0,0,1,0,0,0,"a"
"L90",0,0,0,0,1,0,0,"a"
"M07",0,0,1,0,0,0,0,"a"
"M20",0,0,0,0,1,0,0,"a"
"M21",0,0,1,0,0,0,0,"a"
"M23",0,0,0,0,0,0,1,
"M42",0,0,0,0,1,0,1,"a"
"M54",0,0,0,0,0,0,1,
"M66",0,0,0,0,0,0,1,
"M67",0,0,0,0,0,0,1,
"M70",0,0,0,0,0,0,1,
"M83",0,0,0,0,0,0,1,
"M86",1,0,0,0,0,0,0,
"M90",0,0,1,0,0,0,0,"a"
"N05",0,0,0,0,0,0,1,
"N11",0,0,0,0,0,0,1,
"N12",0,0,0,0,1,0,1,"a"
"N15",0,0,0,0,1,0,0,"a"
"N16",0,0,0,0,1,0,0,"a"
"N23",0,0,0,0,1,0,1,"a"
"N28",0,0,0,0,1,0,0,"a"
"N29",0,0,0,0,1,0,0,"a"
"N32",0,0,0,0,1,0,1,"a"
"N33",0,0,0,0,1,0,1,"a"
"N37",0,0,0,0,1,0,0,"a"
"N38",0,0,0,0,1,0,0,"a"
"N51",0,0,1,0,0,0,0,
"N74",0,0,0,0,1,0,0,"a"
"N92",0,0,0,1,0,0,1,"a"
"NC10",0,0,0,0,0,0,1,
"NC14",0,0,0,0,0,0,1,
"NC40",0,0,0,0,1,0,0,"n"
"NC50",0,0,1,0,0,0,0,"a"
"NC51",0,0,0,0,1,1,0,"n"
"NC60",1,0,0,0,0,0,0,"n"
"NC70",1,0,1,0,0,0,0,"n"
"NC90",0,0,0,0,0,0,1,
"NC91",1,0,1,0,0,0,0,"n"
"NC92",1,0,1,0,0,0,0,"n"
"NC96",1,0,0,1,0,0,0,"a"
"ND01",0,0,1,0,0,0,0,"a"
"ND49",0,0,1,0,1,0,1,"n"
"NG35",1,0,1,0,0,0,0,"n"
"NG45",0,0,0,1,0,0,0,"a"
"NG47",0,0,0,0,1,0,0,"n"
"NG62",0,0,0,0,0,0,1,
"NG74",0,0,1,0,0,0,0,"n"
"NG88",0,0,1,0,0,0,0,"n"
"NH19",0,0,0,0,1,1,1,"n"
"NH27",0,0,0,0,1,0,0,"n"
"NH35",0,0,0,0,0,1,0,
"NH41",0,0,0,0,0,0,1,
"NH42",0,0,0,0,1,0,1,"n"
"NH45",0,0,1,0,0,0,1,"n"
"NH46",1,0,0,0,0,0,0,"n"
"NH54",0,0,1,1,0,0,0,"n"
"NH55",0,0,1,0,1,0,1,"n"
"NH59",0,0,1,0,0,0,0,"n"
"NH63",0,0,0,1,0,0,1,"n"
"NH64",0,1,1,1,1,1,1,"n"
"NH65",0,0,1,1,0,0,0,"n"
"NH66",1,0,0,1,0,0,0,"n"
"NH67",0,0,1,0,0,0,0,"n"
"NH68",0,0,0,0,0,0,1,
"NH69",0,0,0,0,0,0,1,
"NH70",0,0,0,1,0,0,0,"n"
"NH74",0,0,1,1,1,0,0,"n"
"NH75",0,0,1,0,0,0,0,"n"
"NH76",0,0,1,0,1,1,0,"n"
"NH77",0,0,1,0,0,0,0,"n"
"NH78",1,0,1,0,0,0,0,"n"
"NH80",0,0,0,0,0,0,1,
"NH81",0,0,1,0,0,1,0,"n"
"NH85",0,0,1,0,1,0,1,"n"
"NH87",0,0,1,0,0,0,0,"n"
"NH91",0,0,0,1,0,0,0,"n"
"NH92",0,0,0,1,0,0,0,
"NH94",0,0,1,0,0,0,0,"n"
"NH95",0,1,1,0,1,0,1,"n"
"NJ01",0,0,0,1,0,0,0,"n"
"NJ02",0,0,1,0,1,1,0,"n"
"NJ03",0,0,1,0,0,0,0,"n"
"NJ04",0,0,1,0,0,0,0,
"NJ05",1,0,1,1,1,0,1,"n"
"NJ06",0,0,1,0,1,1,0,"n"
"NJ11",0,0,1,1,0,0,0,"n"
"NJ13",0,0,1,1,0,0,1,"n"
"NJ14",0,0,0,1,0,0,0,
"NJ15",1,0,0,0,0,0,1,
"NJ16",1,0,1,0,1,0,1,"n"
"NJ24",0,0,1,1,0,1,1,"n"
"NJ25",0,0,0,1,1,0,1,"n"
"NJ26",1,0,0,1,0,0,1,
"NJ34",0,0,0,0,0,0,1,
"NJ35",0,0,0,0,0,1,0,
"NJ36",0,0,1,1,0,1,0,"n"
"NJ44",0,0,1,0,0,0,0,"n"
"NJ45",1,0,1,0,1,0,1,"n"
"NJ46",0,0,1,1,0,0,0,"n"
"NJ52",0,0,0,1,1,0,1,"n"
"NJ56",0,0,1,0,0,0,1,"n"
"NJ62",0,0,0,0,0,1,1,
"NJ63",0,0,0,0,0,0,1,
"NJ64",0,0,0,0,1,0,0,"n"
"NJ65",1,0,0,0,0,0,0,
"NJ66",0,0,0,0,0,1,0,
"NJ70",1,0,1,0,0,1,0,"n"
"NJ71",0,0,0,0,0,1,0,
"NJ72",0,0,0,1,1,1,0,"n"
"NJ73",0,0,0,0,1,1,0,"n"
"NJ74",0,0,0,0,1,0,1,"n"
"NJ76",1,0,1,0,0,1,0,"n"
"NJ80",0,0,0,0,0,0,1,
"NJ83",0,0,0,0,0,0,1,
"NJ86",1,0,0,1,0,0,0,"n"
"NJ90",0,0,0,0,0,1,1,
"NJ92",0,0,0,1,1,0,0,"n"
"NJ93",1,0,0,0,0,0,0,
"NJ94",0,0,0,0,0,1,1,
"NK03",0,0,0,1,0,0,1,"n"
"NK06",0,0,0,0,0,0,1,
"NM35",1,0,1,0,0,0,0,"n"
"NM42",1,0,1,0,0,1,0,"n"
"NM45",1,0,1,0,0,0,1,"n"
"NM54",0,0,0,1,0,0,0,"n"
"NM56",0,0,0,0,0,1,0,
"NM80",0,0,0,1,1,0,0,"n"
"NM86",0,0,0,1,0,0,0,"n"
"NM95",0,0,0,0,1,0,0,"n"
"NN06",0,0,1,1,0,0,0,"n"
"NN20",0,0,0,0,1,1,0,
"NN25",0,0,1,0,0,0,0,
"NN26",0,0,1,0,0,0,0,"n"
"NN28",0,0,0,0,1,1,1,"n"
"NN30",1,1,0,0,0,0,0,"n"
"NN37",0,0,1,0,0,0,0,"n"
"NN42",0,0,0,0,0,0,1,
"NN45",0,0,0,0,1,1,1,"n"
"NN50",0,0,0,0,0,0,1,
"NN55",0,0,0,0,1,1,0,"n"
"NN57",0,0,0,0,0,1,0,
"NN60",0,0,0,0,1,0,1,"n"
"NN72",0,0,0,0,1,0,1,"n"
"NN73",0,0,0,1,0,0,1,"n"
"NN79",0,0,1,1,0,0,0,"n"
"NN81",0,0,1,0,0,0,1,"n"
"NN82",0,0,1,0,0,0,1,"n"
"NN86",0,0,1,1,0,0,0,"n"
"NN90",0,0,1,0,0,0,1,"n"
"NN91",0,0,1,0,1,0,0,"n"
"NN94",0,0,0,0,0,0,1,
"NN95",0,0,0,0,1,1,1,"n"
"NN96",0,0,0,0,0,1,1,
"NO01",0,0,0,0,0,0,1,
"NO02",0,0,0,0,0,1,1,
"NO03",0,0,0,1,0,1,0,
"NO10",0,0,0,0,0,0,1,
"NO11",1,0,0,0,1,0,0,"n"
"NO12",0,0,0,0,1,0,1,"n"
"NO13",0,0,0,0,1,1,1,"n"
"NO14",1,0,1,0,0,0,0,"n"
"NO15",0,0,0,1,0,0,0,"n"
"NO16",0,0,0,0,0,0,1,
"NO21",0,0,0,1,1,0,1,"n"
"NO22",1,0,0,0,1,0,1,"n"
"NO23",1,0,0,0,0,0,0,"n"
"NO25",0,0,0,0,0,1,0,
"NO26",0,0,0,1,0,1,1,"n"
"NO30",0,0,0,0,0,0,1,
"NO31",0,0,0,1,0,0,0,"n"
"NO32",0,0,0,1,1,0,1,"n"
"NO33",1,0,1,0,0,0,0,"n"
"NO34",0,0,0,0,0,1,0,
"NO41",0,0,1,1,0,0,0,"n"
"NO42",0,0,0,0,1,0,1,"n"
"NO43",0,0,1,0,1,0,1,"n"
"NO44",0,0,0,1,0,0,0,"n"
"NO45",0,0,1,1,0,0,0,"n"
"NO50",1,1,1,0,0,0,0,"n"
"NO51",1,0,0,0,0,0,0,"n"
"NO54",0,0,0,1,1,0,0,"n"
"NO56",0,0,0,0,0,1,0,
"NO60",1,0,0,0,0,0,0,"n"
"NO64",0,0,1,0,1,0,1,"n"
"NO65",1,0,1,0,0,0,0,"n"
"NO67",0,0,0,0,0,0,1,
"NO69",1,1,0,0,0,0,1,"n"
"NO76",0,0,0,0,0,0,1,
"NO78",0,0,0,1,0,0,0,"n"
"NO79",1,0,0,0,0,0,1,
"NO87",0,0,0,0,0,0,1,
"NO88",1,0,0,0,0,0,1,"n"
"NO89",0,0,0,0,1,1,0,"n"
"NR34",0,0,0,1,0,0,0,"n"
"NR61",0,0,0,1,0,0,0,"n"
"NR67",0,0,0,0,0,0,1,
"NR78",0,0,0,0,0,0,1,
"NR79",0,0,0,0,0,0,1,
"NR89",1,0,1,0,0,0,0,"n"
"NS05",0,0,0,0,0,1,0,
"NS06",0,0,0,0,1,0,0,"n"
"NS07",0,0,0,1,0,0,0,"n"
"NS15",0,0,0,1,0,0,0,"n"
"NS20",0,0,0,0,1,0,1,"n"
"NS21",0,0,0,0,0,1,1,
"NS24",0,0,0,0,1,1,1,"n"
"NS25",0,0,1,0,0,0,0,"n"
"NS26",0,0,0,0,0,0,1,
"NS28",0,0,0,1,0,0,1,
"NS29",0,0,0,0,1,0,0,"n"
"NS30",0,0,1,0,0,0,0,"n"
"NS32",0,0,0,0,1,0,0,"n"
"NS34",0,0,0,0,1,1,1,"n"
"NS35",0,0,0,0,0,0,1,"n"
"NS36",0,0,0,0,0,1,0,
"NS37",0,0,1,1,1,0,0,"n"
"NS38",1,0,0,1,1,0,0,"n"
"NS43",0,0,0,0,1,0,0,"n"
"NS46",0,0,0,0,1,1,1,
"NS50",1,0,0,1,0,0,0,"n"
"NS51",0,0,0,0,0,0,1,
"NS52",0,0,0,0,0,1,1,
"NS54",0,0,0,0,1,0,0,"n"
"NS55",0,0,1,1,0,0,0,"n"
"NS56",0,0,1,1,1,1,1,"a"
"NS57",0,0,1,1,1,0,1,"n"
"NS58",1,0,0,0,0,0,0,"n"
"NS63",0,0,1,0,1,0,1,"n"
"NS65",0,0,0,1,1,0,1,"n"
"NS66",0,0,1,1,1,1,1,"n"
"NS67",0,0,0,1,1,1,1,"n"
"NS74",0,0,0,0,1,0,1,"n"
"NS75",0,0,0,0,1,0,1,"n"
"NS76",0,0,0,1,1,0,1,"n"
"NS77",0,0,0,0,1,0,1,"n"
"NS78",0,0,0,1,0,0,0,"n"
"NS80",0,0,0,1,0,0,0,"n"
"NS83",0,0,0,0,1,0,0,"n"
"NS85",0,0,0,0,0,0,1,
"NS86",0,0,1,0,0,0,0,"n"
"NS87",0,0,0,0,1,0,0,"n"
"NS88",0,0,0,0,0,0,1,
"NS89",0,0,0,0,0,0,1,
"NS91",0,0,0,0,0,1,1,
"NS92",0,0,0,0,0,0,1,
"NS93",0,0,1,1,1,0,0,"n"
"NS94",0,0,1,0,0,1,0,"n"
"NS96",0,0,0,0,1,0,1,
"NS97",0,0,0,1,0,0,0,
"NS98",1,0,0,0,0,0,0,"n"
"NT00",0,0,1,0,1,0,0,"n"
"NT03",1,0,1,1,0,1,1,"n"
"NT04",0,0,0,0,1,0,0,"n"
"NT05",0,0,0,0,0,0,1,
"NT07",0,0,0,1,0,0,0,
"NT08",0,0,0,1,0,0,0,"n"
"NT09",0,0,0,0,0,0,1,
"NT13",0,0,0,0,1,0,0,"n"
"NT14",0,0,0,0,0,0,1,
"NT16",0,0,0,1,1,0,1,"n"
"NT17",1,0,1,1,1,1,1,"n"
"NT18",1,1,1,1,0,0,1,"n"
"NT19",0,0,1,1,0,0,0,"n"
"NT23",1,0,1,1,0,0,1,"n"
"NT24",0,0,1,0,0,0,0,"n"
"NT25",0,0,0,1,0,0,0,"n"
"NT26",1,0,1,0,0,0,1,"n"
"NT27",0,1,1,0,1,1,1,"n"
"NT28",0,1,1,1,0,0,1,"n"
"NT29",0,0,1,1,0,0,1,"n"
"NT35",0,0,0,0,0,0,1,
"NT36",0,0,1,1,1,0,1,"n"
"NT37",1,0,0,1,1,0,1,"n"
"NT39",0,0,0,0,0,0,1,
"NT40",0,0,1,1,1,0,1,"n"
"NT41",0,0,1,0,1,1,1,"n"
"NT42",0,0,1,0,1,1,1,"n"
"NT43",0,0,0,1,1,1,1,"n"
"NT44",0,0,1,0,0,0,1,
"NT45",0,0,1,0,1,0,0,"n"
"NT46",0,0,1,0,0,0,1,"n"
"NT47",0,0,0,1,1,0,0,"n"
"NT48",0,0,0,0,0,0,1,
"NT50",1,0,0,1,1,1,1,"n"
"NT51",1,0,1,1,1,1,1,"n"
"NT52",0,0,0,1,1,1,1,"n"
"NT53",0,1,1,1,1,1,1,"n"
"NT54",1,0,0,0,0,1,0,
"NT56",0,0,1,0,0,0,1,"n"
"NT57",1,0,0,0,0,0,1,"n"
"NT58",0,0,1,1,0,1,0,"n"
"NT61",0,0,0,0,0,0,1,
"NT62",0,0,0,1,0,1,0,
"NT63",0,0,0,1,1,0,0,"n"
"NT64",0,0,0,0,1,1,0,"n"
"NT67",0,0,0,1,1,0,0,"n"
"NT68",0,0,0,0,1,0,0,"n"
"NT73",1,0,0,1,0,0,0,"n"
"NT74",1,0,0,0,0,0,0,"n"
"NT75",1,1,1,0,0,0,0,"n"
"NT76",0,0,0,1,0,1,1,"n"
"NT77",0,0,1,0,0,1,1,"n"
"NT83",0,0,0,0,1,0,1,"n"
"NT84",1,1,1,1,1,1,1,"n"
"NT85",1,0,1,1,1,0,1,"n"
"NT90",0,0,0,0,0,0,1,
"NT92",0,0,0,1,1,0,0,"n"
"NT93",0,0,0,1,0,0,1,"n"
"NT94",0,0,0,0,1,0,1,"n"
"NT95",0,0,0,0,1,0,1,"n"
"NT96",1,0,0,1,1,0,1,"n"
"NU00",0,0,0,1,1,0,1,"n"
"NU01",1,0,1,0,0,0,1,"n"
"NU02",1,0,1,0,0,1,0,"n"
"NU10",0,0,0,1,0,0,0,
"NU11",1,0,0,1,0,0,1,"n"
"NU13",0,0,0,1,1,0,1,
"NU14",1,0,1,1,1,0,0,"n"
"NU20",1,0,1,1,1,1,1,"n"
"NU21",0,0,1,1,1,1,0,"n"
"NU22",1,0,0,0,0,0,0,"n"
"NW96",0,0,1,0,0,0,0,"n"
"NX06",0,0,0,1,0,0,0,"n"
"NX08",0,0,1,0,0,0,1,"n"
"NX13",0,0,0,1,0,0,0,"n"
"NX15",1,0,0,1,1,0,0,"n"
"NX25",0,0,0,0,0,0,1,
"NX28",0,0,1,0,0,0,0,"n"
"NX35",0,0,0,0,0,0,1,
"NX55",0,0,1,1,1,0,0,"n"
"NX58",0,0,0,0,1,0,0,"n"
"NX65",0,0,0,0,0,1,0,
"NX69",0,0,0,1,0,0,0,"n"
"NX74",0,0,0,0,1,0,0,"n"
"NX75",0,0,0,0,1,0,1,"n"
"NX76",0,0,0,1,1,0,1,"n"
"NX77",0,0,0,1,0,0,0,"n"
"NX84",0,0,0,1,0,0,0,"n"
"NX85",1,0,1,0,0,1,1,"n"
"NX86",0,0,1,0,1,0,0,"n"
"NX87",0,0,0,0,0,0,1,
"NX88",0,0,0,1,0,0,0,"n"
"NX89",0,0,0,1,0,0,0,"n"
"NX91",0,0,1,0,0,1,1,"n"
"NX92",0,0,1,1,1,1,1,"n"
"NX93",0,0,0,0,0,1,0,
"NX95",0,0,0,1,0,0,0,"n"
"NX96",0,0,0,1,1,0,0,"n"
"NX97",0,0,0,1,1,1,1,"n"
"NX98",0,0,0,0,1,0,0,"n"
"NY00",0,0,0,1,1,0,1,"n"
"NY01",0,0,0,1,1,1,1,"n"
"NY02",0,0,1,1,1,1,1,"n"
"NY03",0,0,1,1,1,1,1,"n"
"NY04",0,0,1,1,1,0,1,"n"
"NY05",0,0,0,1,1,0,0,"n"
"NY07",0,0,0,1,0,1,1,"n"
"NY10",0,0,0,1,0,0,0,"n"
"NY11",0,0,1,0,1,0,0,"n"
"NY12",0,0,1,1,1,1,1,"n"
"NY13",0,0,1,1,1,1,1,"n"
"NY14",0,0,1,1,1,1,1,"n"
"NY15",0,0,1,1,1,1,1,"n"
"NY16",0,0,0,1,0,0,1,
"NY17",0,0,0,0,0,0,1,
"NY18",0,0,0,1,0,0,1,"n"
"NY20",0,0,1,1,1,0,0,"n"
"NY21",0,0,1,1,0,0,0,"n"
"NY22",0,0,0,1,1,1,1,"n"
"NY23",0,0,1,1,1,1,1,"n"
"NY24",0,0,1,1,1,1,1,"n"
"NY25",0,0,1,1,1,1,1,"n"
"NY26",0,0,1,1,1,1,1,"n"
"NY27",0,0,1,1,0,0,1,"n"
"NY28",0,0,1,0,0,0,0,"n"
"NY29",0,0,1,0,0,0,1,"n"
"NY30",0,0,0,1,1,1,1,"n"
"NY31",0,0,0,1,1,0,1,"n"
"NY32",0,0,1,1,1,1,1,"n"
"NY33",0,0,1,1,1,1,1,"n"
"NY34",0,0,1,1,1,1,1,"n"
"NY35",0,0,1,1,1,1,1,"n"
"NY36",0,0,1,1,1,1,1,"n"
"NY37",0,0,0,1,1,1,1,"n"
"NY38",1,0,0,1,0,0,1,"n"
"NY40",0,0,0,1,1,0,0,"n"
"NY41",0,0,0,1,0,0,1,"n"
"NY42",0,0,1,1,1,1,1,"n"
"NY43",0,0,1,1,1,1,1,"n"
"NY44",0,0,1,1,1,1,1,"n"
"NY45",0,0,1,1,1,1,1,"n"
"NY46",0,0,1,1,1,1,1,"n"
"NY47",0,0,1,1,1,1,1,"n"
"NY48",0,0,1,1,1,1,1,"n"
"NY50",0,0,1,1,1,1,1,"n"
"NY51",0,0,1,1,1,1,1,"n"
"NY52",0,0,1,1,1,1,1,"n"
"NY53",0,0,1,1,1,1,1,"n"
"NY54",0,0,1,1,1,1,1,"n"
"NY55",0,0,1,1,1,1,1,"n"
"NY56",0,0,1,1,1,1,1,"n"
"NY57",0,0,0,1,1,1,1,"n"
"NY58",0,0,0,1,1,1,1,"n"
"NY59",0,0,1,1,1,1,1,"n"
"NY60",0,0,0,1,1,1,1,"n"
"NY61",0,0,1,1,1,1,1,"n"
"NY62",0,0,1,1,1,1,1,"n"
"NY63",0,0,1,1,1,1,1,"n"
"NY64",0,0,1,1,1,1,1,"n"
"NY65",0,0,1,1,1,1,1,"n"
"NY66",0,0,1,1,1,1,1,"n"
"NY67",0,0,0,1,1,1,1,"n"
"NY68",1,0,1,1,1,0,0,"n"
"NY69",0,0,0,0,1,0,0,"n"
"NY70",0,0,1,1,1,1,1,"n"
"NY71",0,0,1,1,1,1,1,"n"
"NY72",0,0,1,1,1,0,1,"n"
"NY73",0,0,0,0,1,1,1,"n"
"NY74",0,0,1,1,1,1,1,"n"
"NY75",1,0,1,1,1,1,1,"n"
"NY76",0,0,1,1,1,1,1,"n"
"NY77",0,0,0,0,1,1,1,"n"
"NY78",1,0,1,0,1,0,1,"n"
"NY80",0,0,1,0,1,0,1,"n"
"NY81",0,1,1,1,1,1,1,"n"
"NY83",0,0,0,1,0,0,0,"n"
"NY84",0,0,0,0,1,1,0,"n"
"NY85",0,0,1,1,1,0,1,"n"
"NY86",0,1,1,1,1,1,1,"n"
"NY87",1,0,1,1,1,1,1,"n"
"NY88",1,0,1,0,1,1,1,"n"
"NY89",0,0,0,1,1,0,1,"n"
"NY90",1,0,1,0,0,0,1,"n"
"NY91",1,0,1,0,0,1,0,"n"
"NY92",0,0,1,0,1,1,1,"n"
"NY94",0,0,0,1,1,0,1,"n"
"NY95",0,0,1,1,1,1,1,"n"
"NY96",1,0,1,1,1,1,1,"n"
"NY97",0,0,1,1,1,1,1,"n"
"NY98",0,0,1,1,1,1,1,"n"
"NY99",0,0,1,1,1,0,1,"n"
"NZ00",1,0,1,0,0,1,0,"n"
"NZ01",0,0,1,1,1,1,1,"n"
"NZ02",0,0,1,1,1,0,0,"n"
"NZ03",0,0,0,1,1,0,1,"n"
"NZ04",0,1,1,1,1,1,1,"n"
"NZ05",0,0,1,1,1,1,1,"n"
"NZ06",1,0,1,1,1,1,1,"n"
"NZ07",0,0,1,1,1,1,1,"n"
"NZ08",0,0,1,1,1,0,1,"n"
"NZ09",0,0,1,1,1,0,1,"n"
"NZ10",0,0,0,1,1,1,1,"n"
"NZ11",0,0,1,1,1,1,1,"n"
"NZ12",0,0,0,1,1,0,0,"n"
"NZ13",0,1,1,1,1,0,1,"n"
"NZ14",0,1,1,1,0,1,1,"n"
"NZ15",0,0,1,1,0,1,1,"n"
"NZ16",0,0,1,1,1,1,1,"n"
"NZ17",0,0,1,1,1,0,1,"n"
"NZ18",0,0,1,1,0,0,1,"n"
"NZ19",1,0,0,0,0,0,1,"n"
"NZ20",0,0,1,1,1,1,1,"n"
"NZ21",0,0,1,1,1,1,1,"n"
"NZ22",0,0,0,1,0,1,1,"n"
"NZ23",0,0,0,1,0,1,1,"n"
"NZ24",0,0,0,1,1,0,1,"n"
"NZ25",0,1,1,0,0,1,1,"n"
"NZ26",1,0,0,0,1,1,1,"n"
"NZ27",0,0,1,1,1,1,1,"n"
"NZ28",0,0,1,1,1,1,1,"n"
"NZ29",0,0,1,1,0,0,1,"n"
"NZ30",1,0,0,1,0,0,1,"n"
"NZ31",1,0,1,1,0,0,1,"n"
"NZ32",1,0,0,1,0,0,1,"n"
"NZ33",0,0,1,0,0,1,1,"n"
"NZ34",0,0,0,0,1,0,1,"n"
"NZ35",0,0,0,0,1,1,1,"n"
"NZ36",0,0,1,0,1,1,1,"n"
"NZ37",0,0,0,0,0,0,1,
"NZ38",0,0,0,0,0,0,1,
"NZ40",0,0,0,1,1,1,0,"n"
"NZ41",0,0,0,1,1,1,1,"n"
"NZ42",0,0,0,1,1,1,0,"n"
"NZ43",0,0,1,1,1,1,1,"n"
"NZ44",0,0,0,1,0,0,0,"n"
"NZ50",0,0,0,0,0,1,1,
"NZ51",0,0,0,0,1,1,1,"n"
"NZ52",0,0,1,1,1,1,1,"n"
"NZ53",0,0,0,1,1,1,1,"n"
"NZ60",0,0,1,1,1,0,0,"n"
"NZ61",0,0,0,1,1,1,1,"n"
"NZ62",0,0,0,0,0,0,1,
"NZ70",1,0,1,0,0,0,0,"n"
"NZ71",0,0,1,1,1,1,0,"n"
"NZ72",0,0,0,0,1,1,0,"n"
"NZ80",0,0,1,1,1,0,1,"n"
"NZ81",0,0,1,1,1,0,1,"n"
"NZ90",0,0,0,1,1,0,0,"n"
"NZ91",0,0,0,0,1,0,0,"n"
"O02",0,0,0,0,1,0,0,"a"
"O03",0,0,0,0,1,0,1,"a"
"O05",0,0,0,0,0,0,1,
"O12",0,0,0,1,0,0,1,"a"
"O13",1,0,0,0,0,0,1,
"O14",0,0,0,0,0,0,1,
"O17",1,0,0,0,0,1,1,
"O22",0,0,0,0,0,0,1,
"O23",0,0,0,1,0,1,1,"a"
"R23",1,0,0,0,0,0,1,"a"
"R25",1,0,0,0,0,0,0,"a"
"R44",1,0,0,0,0,0,0,"a"
"R66",0,0,0,1,0,0,0,"a"
"R95",0,0,1,0,0,0,0,"a"
"S10",0,0,0,0,0,1,0,
"S19",0,0,0,0,1,0,1,"a"
"S38",0,0,1,0,0,0,0,"a"
"S47",0,0,0,0,1,0,1,"a"
"S51",0,0,0,0,0,0,1,
"S52",0,0,0,0,0,0,1,
"S55",0,0,0,1,0,1,1,"a"
"S56",0,0,0,0,0,0,1,
"S60",0,0,0,0,0,0,1,
"S61",1,1,0,0,0,1,0,
"S66",1,0,1,0,0,0,0,"a"
"S67",0,0,0,0,0,0,1,
"S73",0,0,1,0,0,0,0,"a"
"S76",0,0,0,1,0,0,0,"a"
"S78",0,0,0,0,0,0,1,
"S81",0,0,0,0,1,0,0,"a"
"S84",1,0,0,0,0,0,0,
"S92",1,0,0,0,0,0,1,
"S94",0,0,0,0,1,0,1,"a"
"SC28",0,0,0,0,0,1,0,
"SC49",0,0,0,0,0,0,1,
"SD09",0,0,1,1,1,0,0,"n"
"SD16",0,0,0,1,1,0,1,"n"
"SD17",0,0,0,1,1,0,1,"n"
"SD18",0,0,1,1,0,0,0,"n"
"SD19",0,0,1,1,0,0,0,"n"
"SD20",0,0,0,1,1,1,0,"n"
"SD26",0,0,1,1,1,0,1,"n"
"SD27",0,0,1,1,1,0,1,"n"
"SD28",0,0,0,1,0,0,1,"n"
"SD29",0,0,0,1,1,1,0,"n"
"SD30",0,0,0,0,0,1,1,
"SD31",0,0,0,1,1,1,1,"n"
"SD32",0,0,1,0,1,1,1,"a"
"SD33",0,0,1,1,1,1,1,"n"
"SD34",0,0,1,1,1,1,1,"n"
"SD35",0,0,1,0,1,0,0,"n"
"SD37",0,0,0,1,1,0,1,"n"
"SD38",0,0,0,1,0,0,1,"n"
"SD39",0,0,1,1,0,1,1,"n"
"SD40",0,1,1,0,0,1,1,"n"
"SD41",0,0,0,0,1,1,1,"n"
"SD42",0,0,1,1,1,0,1,"n"
"SD43",0,0,1,0,1,0,1,"n"
"SD44",1,0,1,0,1,1,0,"n"
"SD45",1,1,1,1,1,1,1,"n"
"SD46",0,0,1,1,1,1,1,"n"
"SD47",0,0,1,1,1,1,1,"n"
"SD48",0,0,1,1,1,1,1,"n"
"SD49",0,0,0,1,1,0,1,"n"
"SD50",0,0,0,0,1,1,1,
"SD51",0,0,0,1,1,1,1,"n"
"SD52",0,0,1,1,1,1,1,"n"
"SD53",0,0,0,0,0,0,1,
"SD54",1,0,0,0,1,1,1,"n"
"SD55",0,0,1,1,1,1,1,"n"
"SD56",1,0,1,1,1,1,1,"n"
"SD57",1,0,1,1,1,1,1,"n"
"SD58",0,0,1,1,1,1,1,"n"
"SD59",0,0,1,1,1,1,1,"n"
"SD60",0,0,1,0,0,1,1,"n"
"SD61",0,1,0,1,1,1,1,"n"
"SD62",0,0,0,1,1,1,1,"n"
"SD63",1,0,1,0,0,0,1,"n"
"SD64",0,0,1,1,0,1,1,"n"
"SD65",0,0,1,0,0,1,0,"n"
"SD66",0,0,1,1,1,1,1,"n"
"SD67",0,0,1,1,1,1,1,"n"
"SD68",0,0,1,1,1,1,1,"n"
"SD69",0,0,1,1,1,1,1,"n"
"SD70",0,0,0,0,1,1,1,
"SD71",0,0,0,1,1,0,1,"n"
"SD72",1,0,1,0,0,1,1,"n"
"SD73",1,0,1,0,1,1,1,"n"
"SD74",1,0,1,1,0,1,1,"n"
"SD75",0,0,1,0,0,1,1,"n"
"SD76",0,0,0,1,1,0,0,"n"
"SD77",0,0,0,0,1,0,1,"n"
"SD78",0,0,1,1,1,1,1,"n"
"SD79",0,1,0,1,0,1,1,"n"
"SD80",0,0,0,0,0,1,1,"n"
"SD81",0,0,0,0,1,1,0,
"SD82",0,0,0,0,1,1,0,
"SD83",1,0,0,0,0,0,1,"n"
"SD84",0,0,0,0,1,0,0,
"SD85",0,0,0,0,1,0,0,"n"
"SD86",0,0,1,1,1,0,1,"n"
"SD87",0,0,0,0,0,0,1,
"SD88",0,0,0,1,1,0,0,"n"
"SD89",1,0,1,0,1,1,1,"n"
"SD90",0,0,0,0,0,0,1,
"SD93",0,0,0,1,0,0,0,
"SD94",0,0,0,0,0,0,1,
"SD95",0,0,0,0,1,0,1,"n"
"SD96",0,0,0,0,1,1,1,"n"
"SD97",0,0,1,0,1,1,1,"n"
"SD98",0,0,1,0,1,0,0,"n"
"SD99",0,0,1,0,1,1,0,"n"
"SE00",0,0,0,0,0,0,1,
"SE01",0,0,1,1,1,0,0,"n"
"SE02",0,0,0,0,0,1,1,
"SE03",0,0,1,1,1,0,0,"n"
"SE04",0,0,0,0,0,0,1,
"SE05",0,0,0,0,1,0,1,"n"
"SE06",0,0,1,0,0,0,1,"n"
"SE08",0,0,0,1,1,0,0,"n"
"SE09",0,0,0,0,1,1,0,"n"
"SE10",0,0,0,0,1,1,1,"n"
"SE11",0,0,0,0,0,0,1,
"SE12",0,0,0,0,1,1,1,"n"
"SE13",0,0,0,1,1,1,1,"n"
"SE14",0,0,1,1,0,1,1,"n"
"SE15",0,0,0,0,1,0,0,"n"
"SE16",0,0,1,0,0,0,1,"n"
"SE18",0,0,0,0,1,1,1,"n"
"SE19",0,0,0,1,0,1,1,"n"
"SE20",0,0,0,1,1,1,1,
"SE21",0,0,0,1,0,0,1,
"SE22",0,0,0,0,0,0,1,
"SE23",0,0,0,0,0,1,0,
"SE24",0,0,0,0,0,1,1,
"SE26",0,0,0,0,1,0,0,"n"
"SE27",0,0,0,0,0,0,1,
"SE28",0,0,0,0,1,0,0,"n"
"SE29",0,1,1,0,1,1,1,"n"
"SE30",0,0,0,0,0,1,1,
"SE31",0,0,1,1,1,1,1,"n"
"SE32",0,0,0,0,0,1,1,
"SE33",0,0,0,1,0,0,1,
"SE34",0,0,1,1,1,0,0,"n"
"SE35",0,0,0,0,1,0,1,"n"
"SE36",0,0,0,0,1,0,1,"n"
"SE37",0,0,1,1,1,1,1,"n"
"SE38",1,0,1,0,0,1,0,"n"
"SE39",0,0,1,0,1,1,0,"n"
"SE40",0,0,0,0,1,1,1,"n"
"SE41",0,0,1,1,1,1,1,"n"
"SE42",0,0,1,1,1,1,1,"n"
"SE43",0,0,1,1,1,0,1,"n"
"SE44",0,0,1,1,1,1,1,"n"
"SE45",0,0,0,0,0,0,1,
"SE46",0,0,1,0,0,0,1,"n"
"SE47",0,0,1,0,1,1,0,"n"
"SE48",1,1,1,0,1,0,1,"n"
"SE49",0,0,0,1,1,0,1,"n"
"SE50",0,0,1,1,1,1,1,"n"
"SE51",0,0,1,0,1,1,1,"n"
"SE52",0,0,1,0,1,0,1,"n"
"SE53",0,0,0,0,1,0,0,"n"
"SE58",0,0,1,1,1,0,1,"n"
"SE59",0,0,0,1,1,0,0,"n"
"SE60",0,0,0,0,0,1,1,
"SE61",0,0,0,0,0,1,1,
"SE62",0,0,0,0,1,0,1,"n"
"SE63",0,0,0,0,0,0,1,
"SE64",0,0,0,1,1,0,1,"n"
"SE65",0,0,0,0,0,1,0,
"SE66",0,0,0,0,0,1,1,
"SE67",1,0,1,0,0,1,1,"n"
"SE68",0,0,0,1,1,1,1,"n"
"SE69",0,0,0,1,1,0,0,"n"
"SE70",0,0,1,1,0,0,1,"n"
"SE72",0,0,0,1,0,0,1,"n"
"SE73",0,0,0,0,1,0,0,"n"
"SE75",0,0,1,1,1,0,0,"n"
"SE76",0,0,0,1,1,0,1,"n"
"SE77",0,0,0,0,1,0,1,
"SE78",0,0,0,1,1,1,1,"n"
"SE80",0,1,1,0,1,0,0,"n"
"SE81",1,0,1,0,1,0,0,"n"
"SE82",1,0,1,1,1,0,1,"n"
"SE83",0,0,0,1,1,0,1,"n"
"SE84",0,0,1,1,1,1,0,"n"
"SE85",0,0,1,1,1,1,1,"n"
"SE86",0,0,1,1,1,1,1,"n"
"SE87",0,0,1,1,1,0,1,"n"
"SE88",0,0,1,1,1,1,0,"n"
"SE89",0,0,1,1,1,0,0,"n"
"SE90",1,0,1,1,1,1,1,"n"
"SE91",1,0,1,1,1,1,1,"n"
"SE92",0,0,1,1,0,0,1,"n"
"SE93",0,0,1,1,0,0,0,"n"
"SE94",0,0,1,1,1,1,1,"n"
"SE95",0,0,0,1,1,0,0,"n"
"SE96",0,0,1,1,1,0,1,"n"
"SE97",0,0,1,1,0,0,1,"n"
"SE98",0,0,1,1,1,0,1,"n"
"SE99",0,0,0,1,1,0,1,"n"
"SH12",1,0,0,0,0,0,0,"n"
"SH13",0,0,0,0,1,0,0,"n"
"SH22",0,0,0,0,1,0,1,"n"
"SH23",1,0,0,0,0,1,0,"n"
"SH24",0,0,0,0,1,0,0,"n"
"SH28",0,0,0,1,0,0,1,"a"
"SH32",1,0,1,0,0,0,0,"n"
"SH33",0,0,1,0,1,0,0,"n"
"SH34",0,0,1,0,1,0,0,"n"
"SH37",0,0,0,0,0,0,1,
"SH38",0,0,0,1,1,1,0,"a"
"SH39",0,0,0,0,1,0,1,"n"
"SH43",0,0,1,0,1,0,0,"n"
"SH44",0,0,1,0,1,1,0,"n"
"SH45",0,0,0,0,1,0,1,"n"
"SH46",0,0,0,0,1,0,0,"n"
"SH48",0,0,0,0,0,0,1,
"SH49",0,0,0,0,0,1,1,
"SH53",0,0,0,1,1,0,0,"n"
"SH54",0,0,0,0,1,0,0,"n"
"SH55",0,0,0,0,1,0,0,"n"
"SH56",0,0,0,0,1,1,1,"n"
"SH57",0,0,0,1,1,1,1,"n"
"SH58",0,0,0,0,0,1,1,
"SH60",0,0,0,0,0,0,1,
"SH61",0,0,0,0,1,0,1,"a"
"SH63",0,0,0,0,0,0,1,
"SH64",0,0,0,0,1,0,0,"n"
"SH65",0,0,0,0,1,0,0,"n"
"SH66",0,0,0,0,1,0,0,"n"
"SH67",0,0,0,0,1,0,0,"n"
"SH68",0,0,0,0,1,0,0,"a"
"SH71",0,0,1,0,1,1,0,"a"
"SH73",0,0,0,0,1,0,1,"a"
"SH74",0,0,0,0,1,0,0,"n"
"SH75",0,0,1,0,1,0,0,"n"
"SH76",0,0,1,0,1,1,1,"n"
"SH77",1,0,0,0,1,1,1,"n"
"SH78",0,0,1,0,1,1,0,"n"
"SH80",0,0,0,0,0,0,1,
"SH83",0,0,0,0,0,1,0,
"SH85",0,0,0,0,1,0,0,"n"
"SH86",0,0,0,0,1,0,0,"n"
"SH87",0,0,1,1,1,0,1,"n"
"SH88",1,0,1,0,1,0,1,"n"
"SH92",0,0,0,1,0,0,0,
"SH94",0,0,0,0,0,1,0,
"SH95",0,0,0,0,0,1,0,
"SH97",0,0,0,0,0,1,1,
"SJ00",0,0,1,0,1,0,1,"n"
"SJ01",0,0,0,1,0,0,0,"n"
"SJ02",0,0,0,1,0,0,0,"n"
"SJ05",0,0,1,1,1,0,1,"n"
"SJ06",0,0,0,0,1,0,1,"n"
"SJ07",0,0,0,1,1,1,1,"n"
"SJ08",0,0,0,0,0,0,1,
"SJ10",0,0,0,1,1,0,0,"n"
"SJ11",0,0,0,0,0,0,1,
"SJ12",0,0,0,0,0,0,1,
"SJ13",0,0,0,0,0,0,1,
"SJ14",0,0,1,0,0,1,1,"n"
"SJ15",0,0,0,1,0,0,1,
"SJ16",1,0,1,1,1,1,1,"n"
"SJ17",0,0,0,1,1,0,0,"n"
"SJ18",0,0,1,0,0,0,0,"n"
"SJ20",0,0,0,1,0,0,1,"n"
"SJ21",0,0,0,0,0,1,0,
"SJ22",1,0,0,1,1,1,1,"n"
"SJ23",0,0,0,1,0,0,1,"n"
"SJ24",0,0,1,1,1,0,1,"n"
"SJ25",0,0,0,1,1,1,1,"n"
"SJ26",1,0,1,1,0,1,1,"n"
"SJ27",0,0,0,1,0,0,1,"n"
"SJ28",0,0,0,0,1,1,1,"n"
"SJ29",0,0,0,0,0,1,0,
"SJ30",0,0,0,1,0,1,1,"n"
"SJ31",1,0,0,1,1,0,0,"n"
"SJ32",0,0,0,0,1,0,1,"n"
"SJ33",0,0,0,1,0,0,0,"n"
"SJ34",0,0,0,0,0,1,1,
"SJ35",0,0,0,1,1,0,1,"n"
"SJ36",0,0,1,1,1,0,1,"n"
"SJ37",0,0,0,0,1,1,1,"n"
"SJ38",0,0,0,0,1,1,1,"n"
"SJ39",1,1,0,0,1,1,1,"n"
"SJ40",0,0,1,1,0,0,0,"n"
"SJ41",0,0,0,1,1,1,1,"n"
"SJ42",0,0,0,1,0,1,0,"n"
"SJ43",0,0,1,0,1,0,1,"n"
"SJ46",0,0,1,0,0,0,1,"n"
"SJ47",0,0,0,0,1,0,0,"n"
"SJ48",0,1,0,0,1,1,1,"n"
"SJ49",0,0,0,0,1,1,1,"n"
"SJ50",0,0,0,1,0,0,0,"n"
"SJ51",1,0,0,0,1,0,0,"n"
"SJ53",0,1,0,1,0,0,1,"n"
"SJ55",0,0,0,0,1,0,0,"n"
"SJ56",0,0,1,0,1,0,1,"n"
"SJ57",0,1,0,0,1,0,0,"n"
"SJ58",0,0,0,0,0,1,1,
"SJ59",0,0,0,1,1,1,1,
"SJ60",1,1,0,1,1,1,1,"n"
"SJ61",0,0,0,0,0,1,0,
"SJ62",0,0,0,1,1,0,0,"n"
"SJ63",1,0,1,0,1,1,1,"n"
"SJ64",0,0,0,0,1,0,1,"n"
"SJ65",0,0,0,0,0,0,1,
"SJ66",0,0,0,0,0,0,1,
"SJ67",1,1,0,0,0,0,1,"n"
"SJ68",1,0,0,0,1,0,1,
"SJ69",0,0,0,1,1,0,1,"n"
"SJ70",1,0,1,1,1,1,1,"n"
"SJ71",1,0,0,1,0,1,1,"n"
"SJ72",0,0,0,1,1,1,0,"n"
"SJ73",0,0,0,0,1,1,1,"n"
"SJ74",0,0,0,0,0,1,1,
"SJ75",0,0,0,0,1,1,1,"n"
"SJ76",0,0,0,0,1,0,1,"n"
"SJ77",0,0,0,0,1,1,1,"n"
"SJ78",0,0,0,0,0,0,1,
"SJ79",0,0,1,0,0,1,1,"n"
"SJ80",0,0,1,0,1,1,1,"n"
"SJ81",0,0,0,0,0,1,0,
"SJ82",0,0,0,0,1,0,0,"n"
"SJ83",0,0,0,0,1,1,1,"n"
"SJ84",0,0,1,1,1,1,1,"n"
"SJ85",0,0,0,0,0,1,1,
"SJ87",0,0,1,0,1,0,0,"n"
"SJ88",0,0,1,0,1,0,1,"n"
"SJ89",0,0,0,0,1,1,1,"n"
"SJ90",0,0,0,1,1,1,1,"n"
"SJ91",0,0,0,1,0,1,1,"n"
"SJ92",0,0,0,0,0,1,1,
"SJ94",0,0,0,0,0,1,1,
"SJ95",0,0,0,0,0,0,1,
"SJ98",0,0,1,0,0,0,1,"n"
"SJ99",0,0,1,0,1,1,1,"n"
"SK00",0,0,0,0,1,1,1,"n"
"SK01",1,0,0,0,0,1,1,"n"
"SK02",0,0,0,0,1,1,1,"n"
"SK03",0,0,0,0,1,0,0,"n"
"SK04",0,0,0,0,0,1,1,
"SK05",0,0,1,0,1,0,1,"n"
"SK06",0,0,0,0,0,0,1,
"SK07",0,0,0,1,1,0,1,"n"
"SK09",0,0,0,0,1,0,1,"n"
"SK10",0,0,1,0,1,1,1,"n"
"SK11",0,0,0,0,1,1,1,"n"
"SK12",1,0,0,0,0,1,0,"n"
"SK13",1,0,1,0,0,1,0,"n"
"SK14",0,0,1,1,1,0,1,"n"
"SK15",1,0,1,1,0,0,1,"n"
"SK16",0,0,0,1,1,0,1,"n"
"SK17",1,0,1,1,1,1,0,"n"
"SK18",0,0,0,0,1,0,0,"n"
"SK20",0,0,1,0,1,1,1,"n"
"SK21",0,0,0,0,0,1,1,
"SK22",0,0,0,0,0,1,1,
"SK24",1,0,1,1,1,0,1,"n"
"SK25",1,0,1,0,1,0,1,"n"
"SK26",0,0,0,1,1,0,0,"n"
"SK27",0,0,1,1,1,1,0,"n"
"SK28",0,0,0,1,0,1,1,"n"
"SK29",0,0,0,0,0,0,1,
"SK30",0,0,0,0,0,1,1,
"SK31",0,0,1,1,1,1,1,"n"
"SK32",1,0,0,1,1,1,1,"n"
"SK33",1,0,0,1,1,1,1,"n"
"SK34",1,0,0,0,1,1,1,"n"
"SK35",1,0,1,0,1,1,1,"n"
"SK36",0,0,1,0,1,1,1,"n"
"SK37",0,0,0,0,1,1,1,"n"
"SK38",0,0,0,1,1,1,1,"n"
"SK39",0,0,0,1,1,1,1,"n"
"SK40",0,0,0,0,0,0,1,
"SK41",0,0,1,0,0,1,1,"n"
"SK42",0,0,1,0,1,1,1,"n"
"SK43",0,0,0,0,1,1,1,"n"
"SK44",1,0,1,1,1,1,1,"n"
"SK45",1,0,1,1,1,1,1,"n"
"SK46",0,0,0,1,1,1,1,"n"
"SK47",1,0,1,1,1,1,1,"n"
"SK48",0,0,0,1,0,1,1,"n"
"SK49",0,0,0,1,1,0,1,"n"
"SK50",0,0,0,0,1,1,1,
"SK51",0,0,1,1,0,0,1,"n"
"SK52",0,0,1,0,0,0,1,"n"
"SK53",0,0,1,0,1,1,1,"n"
"SK54",0,0,1,0,1,1,1,"n"
"SK55",1,0,1,0,1,1,1,"n"
"SK56",1,0,1,0,1,1,1,"n"
"SK57",1,1,1,1,1,1,1,"n"
"SK58",0,1,1,1,1,1,1,"n"
"SK59",0,0,1,1,1,1,1,"n"
"SK60",0,0,1,0,0,1,1,"n"
"SK61",0,0,1,0,0,0,1,"n"
"SK62",0,0,1,0,1,1,1,"n"
"SK63",0,0,0,1,1,1,1,"n"
"SK64",0,0,1,1,1,1,1,"n"
"SK65",0,0,1,1,1,1,1,"n"
"SK66",0,0,0,0,0,1,1,
"SK67",0,0,0,0,0,0,1,
"SK68",0,0,1,1,1,1,1,"n"
"SK69",0,0,1,0,1,1,1,"n"
"SK70",0,0,1,0,1,0,1,"n"
"SK71",0,0,1,0,1,1,1,"n"
"SK72",0,0,1,0,1,0,1,"n"
"SK73",0,0,1,0,1,1,1,"n"
"SK74",0,0,0,0,1,1,1,"n"
"SK75",0,0,1,0,1,1,1,"n"
"SK76",0,0,1,1,1,1,1,"n"
"SK77",0,0,0,0,0,0,1,
"SK78",0,0,0,0,0,1,0,
"SK79",0,0,1,1,1,1,1,"n"
"SK80",1,1,1,0,1,1,1,"n"
"SK81",1,1,1,0,1,1,1,"n"
"SK82",0,0,1,1,1,0,1,"n"
"SK83",0,0,1,1,1,1,1,"n"
"SK84",0,0,0,0,0,0,1,
"SK85",0,0,1,0,1,1,1,"n"
"SK86",0,0,1,1,1,1,1,"n"
"SK87",0,0,0,0,1,0,1,
"SK88",1,0,1,1,0,0,1,"n"
"SK89",0,0,1,0,1,1,1,"n"
"SK90",1,1,1,1,1,1,1,"n"
"SK91",1,1,1,1,1,1,1,"n"
"SK92",1,0,1,1,1,0,1,"n"
"SK93",1,0,1,1,1,0,1,"n"
"SK94",1,1,1,1,1,0,1,"n"
"SK95",1,0,0,0,1,1,1,
"SK96",0,0,1,0,1,1,1,"n"
"SK97",0,0,0,1,1,1,0,"n"
"SK98",0,0,0,1,0,0,0,"n"
"SK99",0,1,0,1,1,0,1,"n"
"SM72",0,0,0,0,1,1,0,"n"
"SM83",0,0,0,1,0,0,0,"n"
"SM90",0,0,1,0,1,1,1,"n"
"SM91",0,0,0,0,1,1,1,"n"
"SM93",0,0,1,1,1,0,1,"a"
"SN00",0,0,0,1,1,0,1,"n"
"SN01",0,0,0,1,1,1,1,"n"
"SN04",0,0,0,1,1,0,0,"n"
"SN10",0,0,1,1,0,1,0,"n"
"SN11",0,0,0,0,0,0,1,
"SN12",0,0,0,0,1,0,0,"n"
"SN20",0,0,0,0,1,0,0,"n"
"SN21",0,0,0,1,1,0,0,"n"
"SN23",0,0,0,0,1,1,1,"n"
"SN24",0,0,0,1,0,0,0,"n"
"SN25",1,0,0,0,1,1,0,"n"
"SN30",0,0,1,0,1,1,0,"n"
"SN31",0,0,1,0,1,0,0,"n"
"SN32",0,0,0,0,1,0,0,"n"
"SN33",0,0,0,0,0,1,1,
"SN34",1,0,0,1,1,1,0,"n"
"SN40",0,0,0,1,1,1,1,"n"
"SN41",0,0,0,0,1,0,0,"n"
"SN42",0,0,0,0,1,0,0,"n"
"SN43",0,0,0,0,0,0,1,
"SN45",0,0,1,1,1,0,1,"n"
"SN50",0,0,0,1,1,0,0,"n"
"SN51",0,0,0,0,1,0,0,"n"
"SN52",0,0,0,0,1,0,0,"n"
"SN53",0,0,0,0,1,0,0,"n"
"SN56",0,0,0,1,1,0,0,"n"
"SN57",1,0,0,1,1,0,1,"n"
"SN58",0,0,0,0,0,0,1,
"SN61",0,0,0,0,1,1,0,"n"
"SN62",0,0,0,0,0,1,0,
"SN67",0,0,0,1,1,0,1,"n"
"SN68",1,0,0,1,1,0,1,"n"
"SN70",0,0,0,0,0,1,1,
"SN72",0,0,0,0,1,0,0,"n"
"SN74",0,0,0,0,1,0,0,"n"
"SN76",0,0,0,1,1,0,0,"n"
"SN77",0,0,0,1,1,0,1,"n"
"SN79",0,0,0,1,1,0,0,"n"
"SN80",0,0,0,0,0,0,1,
"SN81",0,0,0,1,0,1,1,"a"
"SN82",0,0,0,0,0,1,1,
"SN83",0,0,0,0,0,1,0,
"SN84",0,0,0,0,1,0,0,"n"
"SN89",0,0,0,1,0,0,0,"n"
"SN90",0,0,0,0,1,1,1,"n"
"SN91",0,0,0,1,0,0,0,"n"
"SN92",0,0,0,0,1,0,1,"n"
"SN95",0,0,1,0,1,0,0,"a"
"SN96",0,1,0,0,1,0,1,"n"
"SN97",1,0,1,0,0,0,0,"n"
"SN98",0,0,0,1,1,0,0,"n"
"SN99",0,0,0,1,1,0,1,"n"
"SO00",0,0,0,0,0,1,1,
"SO01",1,0,0,1,0,0,1,"n"
"SO02",0,0,0,0,1,0,0,"n"
"SO03",0,0,1,0,1,0,0,"n"
"SO04",0,0,0,1,0,0,0,"n"
"SO05",0,0,0,1,1,0,0,"n"
"SO10",0,0,0,1,1,0,1,"n"
"SO11",0,0,0,1,0,0,0,"n"
"SO12",0,0,1,0,1,0,0,"n"
"SO13",0,0,0,1,0,0,0,"a"
"SO14",0,0,0,1,1,1,1,"n"
"SO15",0,0,0,0,0,0,1,
"SO16",0,0,0,0,0,0,1,
"SO18",1,0,1,1,1,0,1,"n"
"SO19",0,0,1,1,1,0,0,"n"
"SO20",0,0,1,1,1,0,1,"n"
"SO21",0,0,0,1,1,1,1,"n"
"SO22",0,0,0,1,1,0,0,"n"
"SO23",0,0,0,1,1,0,1,"n"
"SO24",1,0,1,1,1,0,1,"n"
"SO25",0,0,0,0,1,0,1,"n"
"SO27",1,0,1,1,1,0,0,"n"
"SO28",0,0,1,1,1,0,1,"n"
"SO29",0,0,0,1,1,0,1,"n"
"SO30",0,0,0,1,1,0,1,"n"
"SO31",0,0,0,1,1,0,1,"n"
"SO32",0,0,0,1,1,0,1,"n"
"SO33",0,0,1,1,1,1,1,"n"
"SO34",0,0,0,1,1,0,0,"n"
"SO35",0,0,0,0,1,1,0,"n"
"SO36",1,0,1,1,1,0,0,"n"
"SO37",1,0,1,1,1,0,0,"n"
"SO38",0,0,1,1,1,1,0,"n"
"SO39",1,0,0,1,0,0,1,"n"
"SO40",0,0,1,1,1,1,1,"n"
"SO41",0,0,1,1,1,1,1,"n"
"SO42",0,0,1,1,1,1,1,"n"
"SO43",0,0,0,1,1,1,1,"n"
"SO44",0,0,1,0,1,0,1,"n"
"SO45",0,0,1,0,1,0,1,"n"
"SO46",0,0,0,0,1,0,0,"n"
"SO47",0,0,0,1,1,0,1,"n"
"SO48",0,0,1,1,1,0,0,"n"
"SO49",1,0,1,1,1,0,0,"n"
"SO50",1,0,1,1,1,1,1,"n"
"SO51",0,0,1,1,1,1,1,"n"
"SO52",0,0,1,1,1,1,1,"n"
"SO53",0,0,1,1,1,1,1,"n"
"SO54",0,0,1,0,1,1,1,"n"
"SO55",0,0,1,0,1,1,1,"n"
"SO56",0,0,0,1,1,1,1,"n"
"SO57",1,0,1,1,1,1,0,"n"
"SO58",0,0,0,1,0,1,1,"n"
"SO59",0,0,1,1,1,1,0,"n"
"SO60",1,0,1,1,1,1,1,"n"
"SO61",0,0,1,1,1,1,1,"n"
"SO62",0,0,1,1,1,1,1,"n"
"SO63",0,0,1,1,1,1,1,"n"
"SO64",0,0,1,0,1,1,1,"n"
"SO65",0,0,1,0,1,1,1,"n"
"SO66",0,1,1,1,1,1,0,"n"
"SO67",1,0,0,1,1,0,0,"n"
"SO68",0,0,1,0,1,0,1,"n"
"SO69",0,0,0,1,0,1,0,"n"
"SO70",0,0,1,1,1,0,1,"n"
"SO71",0,0,1,1,1,1,1,"n"
"SO72",0,0,1,1,1,1,1,"n"
"SO73",0,1,1,1,1,1,1,"n"
"SO74",1,1,1,1,1,1,1,"n"
"SO75",1,0,1,1,1,1,1,"n"
"SO76",0,0,1,1,1,1,1,"n"
"SO77",1,1,1,1,1,1,1,"n"
"SO78",1,0,1,1,1,1,1,"n"
"SO79",1,0,1,1,1,1,1,"n"
"SO80",0,0,1,1,1,1,1,"n"
"SO81",0,0,1,1,1,1,1,"n"
"SO82",0,0,1,1,1,1,1,"n"
"SO83",0,0,1,1,1,1,1,"n"
"SO84",0,0,1,1,1,1,1,"n"
"SO85",1,1,1,1,1,1,1,"n"
"SO86",1,1,0,1,1,1,1,"n"
"SO87",1,1,0,1,1,1,1,"n"
"SO88",1,1,1,1,1,1,1,"n"
"SO89",0,0,1,0,1,1,0,"n"
"SO90",0,0,1,1,1,1,1,"n"
"SO91",0,0,1,1,1,1,1,"n"
"SO92",0,0,1,1,1,1,1,"n"
"SO93",1,0,1,1,1,1,1,"n"
"SO94",1,0,1,1,1,1,1,"n"
"SO95",0,0,1,1,1,1,1,"n"
"SO96",1,1,1,1,1,1,1,"n"
"SO97",1,1,0,1,1,1,0,"n"
"SO98",1,1,1,1,1,1,1,"n"
"SO99",0,0,1,1,1,1,1,"n"
"SP00",1,0,1,1,1,1,1,"n"
"SP01",0,0,1,1,1,1,1,"n"
"SP02",0,0,1,1,1,1,1,"n"
"SP03",0,0,1,1,1,0,1,"n"
"SP04",1,0,1,1,1,1,1,"n"
"SP05",0,1,1,1,1,1,1,"n"
"SP06",0,0,1,1,1,0,1,"n"
"SP07",0,1,1,1,1,0,0,"n"
"SP08",0,0,1,0,1,1,1,"n"
"SP09",0,0,1,0,1,1,1,"n"
"SP10",0,0,1,1,1,1,1,"n"
"SP11",0,0,0,1,1,1,1,"n"
"SP12",0,0,1,1,1,1,1,"n"
"SP13",1,0,1,1,1,1,1,"n"
"SP14",0,0,1,1,1,1,1,"n"
"SP15",1,0,1,1,1,1,1,"n"
"SP16",0,0,1,0,1,0,1,"n"
"SP17",0,0,1,0,1,0,1,"n"
"SP18",0,0,1,0,1,0,1,"n"
"SP19",0,0,1,0,1,1,0,"n"
"SP20",0,0,1,1,1,1,1,"n"
"SP21",0,0,1,1,1,1,1,"n"
"SP22",0,0,1,1,1,1,1,"n"
"SP23",1,0,1,1,1,1,1,"n"
"SP24",0,0,1,1,1,1,1,"n"
"SP25",0,0,1,1,1,1,1,"n"
"SP26",0,0,1,0,1,0,1,"n"
"SP27",1,0,1,0,0,0,1,"n"
"SP28",1,0,1,0,0,1,1,"n"
"SP29",0,0,1,0,1,0,1,"n"
"SP30",0,0,1,1,1,1,1,"n"
"SP31",0,0,1,1,1,1,1,"n"
"SP32",0,0,1,1,1,1,1,"n"
"SP33",0,0,1,1,1,1,1,"n"
"SP34",0,0,1,0,1,0,1,"n"
"SP35",0,0,1,0,1,0,1,"n"
"SP36",1,0,1,0,1,0,1,"n"
"SP37",0,0,1,0,1,0,1,"n"
"SP38",0,0,0,0,0,0,1,
"SP39",0,0,1,0,1,1,1,"n"
"SP40",0,0,1,1,1,1,1,"n"
"SP41",0,0,1,1,1,1,1,"n"
"SP42",0,0,1,1,1,1,1,"n"
"SP43",0,0,1,0,1,1,1,"n"
"SP44",0,0,1,1,1,0,1,"n"
"SP45",0,0,1,0,1,0,1,"n"
"SP46",0,0,1,0,1,0,1,"n"
"SP47",0,0,1,0,1,0,1,"n"
"SP48",0,0,0,0,1,0,1,"n"
"SP49",0,0,1,1,1,1,1,"n"
"SP50",0,0,1,1,1,1,1,"n"
"SP51",0,0,1,1,1,1,1,"n"
"SP52",0,0,1,1,1,1,1,"n"
"SP53",0,0,1,0,1,1,1,"n"
"SP54",0,0,1,0,1,1,1,"n"
"SP55",0,0,1,0,1,1,1,"n"
"SP56",0,0,1,0,1,1,1,"n"
"SP57",0,0,1,0,1,1,1,"n"
"SP58",0,0,1,0,0,0,1,"n"
"SP59",0,0,1,0,1,1,1,"n"
"SP60",0,0,1,1,1,0,1,"n"
"SP61",0,0,1,1,1,1,1,"n"
"SP62",0,0,1,1,1,1,1,"n"
"SP63",0,0,1,1,1,1,1,"n"
"SP64",0,0,1,1,1,1,1,"n"
"SP65",0,0,1,0,1,1,1,"n"
"SP66",0,0,1,0,1,1,1,"n"
"SP67",0,0,0,0,1,1,1,"n"
"SP68",0,0,0,0,1,1,0,"n"
"SP69",0,0,1,0,1,0,1,"n"
"SP70",0,0,1,1,1,1,1,"n"
"SP71",0,0,1,1,1,0,1,"n"
"SP72",0,0,0,1,1,1,1,"n"
"SP73",0,0,1,1,1,1,1,"n"
"SP74",0,0,1,1,1,1,1,"n"
"SP75",0,0,1,1,1,1,1,"n"
"SP76",0,0,1,0,1,1,1,"n"
"SP77",0,0,1,0,1,1,1,"n"
"SP78",0,0,1,0,1,0,1,"n"
"SP79",0,0,1,0,1,0,1,"n"
"SP80",1,1,1,1,1,1,1,"n"
"SP81",1,0,1,1,1,1,1,"n"
"SP82",0,0,1,1,1,0,1,"n"
"SP83",0,0,1,1,1,1,1,"n"
"SP84",1,0,1,1,1,1,1,"n"
"SP85",0,0,1,1,1,1,1,"n"
"SP86",0,0,1,0,1,1,1,"n"
"SP87",0,0,0,1,1,1,1,"n"
"SP88",0,0,1,1,1,1,1,"n"
"SP89",1,1,1,0,1,1,1,"n"
"SP90",1,1,1,1,1,1,1,"n"
"SP91",1,0,1,1,1,1,1,"n"
"SP92",0,0,1,1,1,1,1,"n"
"SP93",0,0,1,1,1,1,1,"n"
"SP94",0,0,1,1,1,1,1,"n"
"SP95",0,0,1,1,1,1,1,"n"
"SP96",0,0,1,1,1,1,1,"n"
"SP97",0,0,1,0,1,1,1,"n"
"SP98",0,0,0,1,1,1,1,"n"
"SP99",0,1,1,0,1,1,1,"n"
"SR89",0,0,0,0,1,0,0,"a"
"SS09",0,0,1,0,0,0,0,"a"
"SS10",0,0,0,0,0,1,1,"n"
"SS20",1,1,1,1,1,1,1,"n"
"SS21",0,0,0,1,1,1,1,"n"
"SS22",0,0,0,1,0,0,1,"n"
"SS30",0,0,1,1,1,1,1,"n"
"SS31",0,0,1,1,1,0,1,"n"
"SS32",0,0,0,1,1,0,1,"n"
"SS40",0,0,0,1,0,1,1,"n"
"SS41",0,0,1,1,1,1,1,"n"
"SS42",0,0,1,1,1,1,1,"n"
"SS43",0,0,1,1,1,1,1,"n"
"SS44",0,0,1,1,1,1,1,"n"
"SS48",0,0,0,0,0,1,0,
"SS49",1,0,0,1,1,1,0,"n"
"SS50",0,0,1,1,1,1,1,"n"
"SS51",0,0,1,1,1,1,1,"n"
"SS52",0,0,1,1,1,1,1,"n"
"SS53",0,0,1,1,1,1,1,"n"
"SS54",0,1,0,1,1,1,1,"n"
"SS59",0,0,0,0,1,1,1,"n"
"SS60",0,1,1,1,1,1,1,"n"
"SS61",0,0,1,1,1,1,1,"n"
"SS62",0,0,1,1,1,1,1,"n"
"SS63",0,0,1,1,0,1,1,"n"
"SS64",0,0,0,1,1,1,1,"n"
"SS68",0,0,0,0,0,1,0,
"SS69",0,0,0,0,0,0,1,
"SS70",0,0,1,1,1,1,1,"n"
"SS71",0,0,1,1,1,0,1,"n"
"SS72",0,0,1,1,1,1,1,"n"
"SS73",1,0,0,1,1,0,0,"n"
"SS74",0,0,1,1,1,1,1,"n"
"SS78",0,0,1,0,0,1,1,"n"
"SS79",0,0,0,1,1,1,1,"n"
"SS80",1,0,1,1,0,0,1,"n"
"SS81",0,0,0,1,1,1,1,"n"
"SS82",0,0,1,1,1,0,1,"n"
"SS83",0,0,0,1,1,1,1,"n"
"SS84",0,0,0,1,1,1,1,"n"
"SS87",0,0,0,1,0,1,1,"n"
"SS88",0,0,1,1,0,0,1,"n"
"SS90",0,0,0,1,1,0,1,"n"
"SS91",0,0,1,1,1,1,1,"n"
"SS92",0,0,1,1,1,0,1,"n"
"SS93",0,0,1,1,1,1,1,"n"
"SS94",0,0,1,1,1,1,1,"n"
"SS96",0,0,1,1,1,0,1,"n"
"SS97",0,0,1,0,1,0,1,"n"
"SS98",0,0,0,0,0,0,1,
"ST00",0,0,1,1,1,1,1,"n"
"ST01",0,0,1,1,1,1,1,"n"
"ST02",0,0,1,1,1,1,1,"n"
"ST03",0,0,1,1,1,1,1,"n"
"ST04",1,0,1,1,1,1,1,"n"
"ST06",0,0,1,0,1,1,1,"n"
"ST07",0,0,1,0,1,0,1,"n"
"ST08",0,0,1,0,1,0,0,"n"
"ST09",0,0,1,0,0,1,0,"n"
"ST10",0,0,1,1,1,0,1,"n"
"ST11",0,0,0,1,1,1,1,"n"
"ST12",0,0,1,0,1,1,1,"n"
"ST13",0,0,1,0,1,1,1,"n"
"ST14",0,0,1,0,1,1,1,"n"
"ST16",0,0,1,0,1,1,1,"n"
"ST17",0,0,1,0,1,1,1,"n"
"ST18",0,1,1,1,1,1,1,"n"
"ST19",0,0,0,1,0,0,1,
"ST20",1,0,1,1,1,1,1,"n"
"ST21",0,0,1,1,1,1,1,"n"
"ST22",1,0,1,0,1,1,1,"n"
"ST23",0,0,1,0,1,1,1,"n"
"ST24",0,0,1,0,1,1,1,"n"
"ST25",0,0,0,0,1,1,1,"n"
"ST26",0,1,0,0,1,0,1,"n"
"ST27",0,0,0,1,1,1,0,"n"
"ST28",0,0,0,1,1,0,1,"n"
"ST29",0,0,0,1,1,0,0,"n"
"ST30",0,1,1,1,1,1,1,"n"
"ST31",0,0,1,0,1,1,1,"n"
"ST32",0,0,1,0,1,1,1,"n"
"ST33",0,0,1,0,1,1,1,"n"
"ST34",0,0,1,1,1,1,1,"n"
"ST35",0,0,1,1,1,1,1,"n"
"ST36",0,0,1,0,1,1,1,"n"
"ST37",0,0,0,0,1,1,1,"n"
"ST38",1,0,0,1,0,1,1,"n"
"ST39",1,0,0,1,1,1,1,"n"
"ST40",0,1,0,1,1,1,1,"n"
"ST41",0,0,1,0,1,1,1,"n"
"ST42",0,0,1,0,1,1,1,"n"
"ST43",0,0,1,1,1,1,1,"n"
"ST44",0,0,1,0,1,1,1,"n"
"ST45",0,0,1,1,1,1,1,"n"
"ST46",0,0,1,0,1,1,1,"n"
"ST47",0,0,1,0,1,1,1,"n"
"ST48",0,1,0,1,1,1,1,"n"
"ST49",0,0,1,1,1,1,1,"n"
"ST50",0,1,0,1,1,1,1,"n"
"ST51",0,1,1,0,1,1,1,"n"
"ST52",0,1,1,1,1,1,1,"n"
"ST53",0,0,1,0,1,1,1,"n"
"ST54",0,0,1,0,1,1,1,"n"
"ST55",0,0,1,0,1,1,1,"n"
"ST56",0,0,1,0,1,1,1,"n"
"ST57",0,0,1,1,1,1,1,"n"
"ST58",0,0,1,1,1,1,1,"n"
"ST59",1,0,1,1,1,1,1,"n"
"ST60",0,1,0,1,1,1,1,"n"
"ST61",0,1,1,0,1,1,1,"n"
"ST62",0,1,1,0,1,1,1,"n"
"ST63",0,0,1,0,1,1,1,"n"
"ST64",0,0,1,0,1,1,1,"n"
"ST65",0,0,1,0,1,1,1,"n"
"ST66",0,0,1,0,1,1,1,"n"
"ST67",0,0,1,1,1,1,1,"n"
"ST68",0,0,1,1,1,1,1,"n"
"ST69",0,0,1,1,1,1,1,"n"
"ST70",0,1,0,1,1,1,1,"n"
"ST71",0,1,0,0,1,1,1,"n"
"ST72",1,1,1,0,1,1,1,"n"
"ST73",0,1,1,1,1,1,1,"n"
"ST74",0,0,1,0,1,1,1,"n"
"ST75",0,0,1,1,1,1,1,"n"
"ST76",0,0,1,1,1,1,1,"n"
"ST77",0,0,1,1,1,1,1,"n"
"ST78",0,0,1,1,1,1,1,"n"
"ST79",0,0,1,1,1,1,1,"n"
"ST80",0,1,0,1,1,1,1,"n"
"ST81",0,1,1,1,1,1,1,"n"
"ST82",0,1,0,1,1,1,1,"n"
"ST83",0,0,1,1,1,1,1,"n"
"ST84",0,0,1,1,1,1,1,"n"
"ST85",0,0,1,1,1,1,1,"n"
"ST86",0,0,1,1,1,1,1,"n"
"ST87",0,0,1,1,1,1,1,"n"
"ST88",0,0,1,1,1,1,1,"n"
"ST89",0,0,1,1,1,1,1,"n"
"ST90",0,1,1,1,1,1,1,"n"
"ST91",0,1,1,1,1,1,1,"n"
"ST92",0,0,1,1,1,1,1,"n"
"ST93",0,0,1,1,1,1,1,"n"
"ST94",0,0,1,1,1,1,1,"n"
"ST95",0,0,1,1,1,1,1,"n"
"ST96",0,0,1,1,1,1,1,"n"
"ST97",0,0,1,1,1,1,1,"n"
"ST98",0,0,1,1,1,1,1,"n"
"ST99",0,0,1,1,1,1,1,"n"
"SU00",0,1,0,0,1,1,1,"n"
"SU01",0,1,1,1,1,1,1,"n"
"SU02",0,1,1,1,1,1,1,"n"
"SU03",0,0,1,1,1,1,1,"n"
"SU04",0,0,1,1,1,1,1,"n"
"SU05",0,0,1,1,1,1,1,"n"
"SU06",0,0,1,1,1,1,1,"n"
"SU07",0,0,1,1,1,1,1,"n"
"SU08",0,0,1,1,1,1,1,"n"
"SU09",0,0,1,1,1,1,1,"n"
"SU10",0,1,1,0,1,1,1,"n"
"SU11",0,1,1,1,1,1,1,"n"
"SU12",0,1,1,1,1,1,1,"n"
"SU13",0,0,1,1,1,1,1,"n"
"SU14",0,0,1,1,1,1,1,"n"
"SU15",0,0,1,1,1,1,1,"n"
"SU16",0,0,1,1,1,1,1,"n"
"SU17",0,0,1,1,1,1,1,"n"
"SU18",0,0,1,1,1,1,1,"n"
"SU19",0,0,1,1,1,0,1,"n"
"SU20",0,1,1,0,1,1,1,"n"
"SU21",0,1,1,1,1,1,1,"n"
"SU22",0,1,1,1,1,1,1,"n"
"SU23",1,0,1,1,1,1,1,"n"
"SU24",1,0,1,1,1,1,1,"n"
"SU25",1,0,1,1,1,1,1,"n"
"SU26",0,0,1,1,1,1,1,"n"
"SU27",0,0,1,1,1,1,1,"n"
"SU28",0,0,1,1,1,1,1,"n"
"SU29",0,0,1,1,1,1,1,"n"
"SU30",0,1,1,1,1,1,1,"n"
"SU31",0,1,1,0,1,1,1,"n"
"SU32",0,1,1,0,1,1,1,"n"
"SU33",1,0,1,1,1,1,1,"n"
"SU34",1,0,1,0,1,1,1,"n"
"SU35",1,0,1,1,1,1,1,"n"
"SU36",0,0,1,1,1,1,1,"n"
"SU37",0,0,1,1,1,1,1,"n"
"SU38",0,0,1,1,1,0,1,"n"
"SU39",0,0,1,0,1,1,1,"n"
"SU40",0,1,1,0,1,1,1,"n"
"SU41",0,1,1,0,1,1,1,"n"
"SU42",0,0,1,0,1,1,1,"n"
"SU43",1,0,1,0,1,1,1,"n"
"SU44",1,0,1,0,1,1,1,"n"
"SU45",1,0,1,1,1,1,1,"n"
"SU46",0,1,1,1,1,1,1,"n"
"SU47",0,0,1,1,1,0,1,"n"
"SU48",0,0,1,0,1,0,1,"n"
"SU49",0,0,1,0,1,0,1,"n"
"SU50",0,1,1,0,1,1,1,"n"
"SU51",0,1,1,1,1,1,1,"n"
"SU52",0,0,1,1,1,1,1,"n"
"SU53",1,1,1,1,1,1,1,"n"
"SU54",0,1,1,0,1,1,1,"n"
"SU55",1,1,1,1,1,1,1,"n"
"SU56",0,1,1,0,1,1,1,"n"
"SU57",0,0,1,0,1,0,1,"n"
"SU58",0,0,1,1,1,1,1,"n"
"SU59",0,0,1,1,1,1,1,"n"
"SU60",0,0,1,1,1,1,1,"n"
"SU61",0,1,1,1,1,1,1,"n"
"SU62",0,1,1,1,1,1,1,"n"
"SU63",0,1,1,0,1,1,1,"n"
"SU64",0,1,1,1,1,1,1,"n"
"SU65",1,1,1,1,1,1,1,"n"
"SU66",0,0,1,1,1,1,1,"n"
"SU67",1,0,1,1,1,1,1,"n"
"SU68",0,0,1,1,1,1,1,"n"
"SU69",0,0,1,1,1,1,1,"n"
"SU70",0,0,1,0,1,1,1,"n"
"SU71",0,0,1,1,1,1,1,"n"
"SU72",1,1,1,1,1,1,1,"n"
"SU73",0,1,1,1,1,1,1,"n"
"SU74",0,1,1,1,1,1,1,"n"
"SU75",0,1,1,1,1,1,1,"n"
"SU76",0,1,1,0,1,0,1,"n"
"SU77",0,0,1,1,1,1,1,"n"
"SU78",1,0,1,1,1,1,1,"n"
"SU79",0,1,1,1,1,1,1,"n"
"SU80",0,0,1,0,1,1,1,"n"
"SU81",0,1,1,0,1,1,1,"n"
"SU82",0,0,1,0,1,1,1,"n"
"SU83",1,1,1,1,1,1,1,"n"
"SU84",0,1,1,1,1,1,1,"n"
"SU85",0,0,1,1,1,1,1,"n"
"SU86",0,0,1,0,1,0,1,"n"
"SU87",0,0,1,1,1,0,1,"n"
"SU88",1,0,1,1,1,1,1,"n"
"SU89",1,1,1,1,1,1,1,"n"
"SU90",0,0,1,0,1,1,1,"n"
"SU91",0,0,1,0,1,1,1,"n"
"SU92",0,0,1,0,1,1,1,"n"
"SU93",0,0,1,1,1,1,1,"n"
"SU94",0,0,1,1,1,1,1,"n"
"SU95",0,0,1,1,1,0,1,"n"
"SU96",0,1,1,1,1,1,1,"n"
"SU97",0,0,1,1,1,0,1,"n"
"SU98",1,0,1,1,1,1,1,"n"
"SU99",1,1,1,1,1,1,1,"n"
"SV81",0,0,0,0,0,0,1,
"SV91",1,1,1,1,1,0,0,"n"
"SW32",0,0,0,0,1,1,1,"n"
"SW33",0,0,1,0,1,1,1,"n"
"SW42",0,0,1,1,1,1,1,"n"
"SW43",1,0,1,1,1,1,1,"n"
"SW52",0,0,1,1,1,1,1,"n"
"SW53",1,0,1,1,1,1,1,"n"
"SW54",0,0,1,0,1,1,1,"n"
"SW61",0,0,1,1,1,1,1,"n"
"SW62",1,0,1,1,1,1,1,"n"
"SW63",0,0,1,1,1,1,1,"n"
"SW64",0,0,1,1,1,1,1,"n"
"SW71",1,0,1,1,1,1,1,"n"
"SW72",1,0,1,1,1,1,1,"n"
"SW73",0,0,1,1,1,1,1,"n"
"SW74",1,0,1,1,1,1,1,"n"
"SW75",0,0,1,0,1,1,1,"n"
"SW76",0,0,1,0,1,1,1,"n"
"SW81",0,0,0,1,1,1,0,"n"
"SW82",0,0,0,1,1,1,1,"n"
"SW83",1,0,1,1,1,1,1,"n"
"SW84",1,0,1,1,1,1,1,"n"
"SW85",0,0,1,1,1,1,1,"n"
"SW86",0,0,1,1,1,1,1,"n"
"SW87",0,0,1,1,1,1,1,"n"
"SW93",0,0,1,1,1,1,1,"n"
"SW94",0,0,1,1,1,1,1,"n"
"SW95",0,0,1,1,1,1,1,"n"
"SW96",0,0,1,1,1,1,1,"n"
"SW97",0,1,1,1,1,1,1,"n"
"SW98",0,0,0,1,1,1,1,"n"
"SX03",0,0,0,1,1,1,1,"n"
"SX04",0,0,1,1,1,1,1,"n"
"SX05",0,0,1,1,1,1,1,"n"
"SX06",1,0,1,1,1,1,1,"n"
"SX07",0,0,1,1,1,1,1,"n"
"SX08",1,1,1,1,1,1,1,"n"
"SX09",1,0,0,0,1,1,1,"n"
"SX14",0,0,0,0,1,0,1,"n"
"SX15",0,0,1,1,1,1,1,"n"
"SX16",0,0,1,1,1,1,1,"n"
"SX17",0,0,1,0,1,1,1,"n"
"SX18",0,0,1,1,1,1,1,"n"
"SX19",0,0,1,1,1,1,1,"n"
"SX25",1,0,1,1,1,1,1,"n"
"SX26",1,0,1,1,1,1,1,"n"
"SX27",0,0,1,1,1,1,1,"n"
"SX28",0,0,1,1,1,1,1,"n"
"SX29",1,0,1,1,1,1,1,"n"
"SX35",1,0,1,1,1,1,1,"n"
"SX36",0,0,1,1,1,1,1,"n"
"SX37",0,0,1,1,1,1,1,"n"
"SX38",1,0,1,1,1,1,1,"n"
"SX39",0,0,1,1,1,1,1,"n"
"SX44",0,0,0,1,1,1,1,"n"
"SX45",1,0,1,1,1,1,1,"n"
"SX46",0,1,1,1,1,1,1,"n"
"SX47",0,0,1,1,1,1,1,"n"
"SX48",0,0,1,1,1,1,1,"n"
"SX49",0,0,1,1,1,1,1,"n"
"SX54",0,0,1,1,1,1,1,"n"
"SX55",0,0,1,1,1,1,1,"n"
"SX56",0,0,1,1,1,1,1,"n"
"SX57",0,0,1,1,1,1,1,"n"
"SX58",0,0,1,1,1,1,1,"n"
"SX59",0,0,1,1,1,1,1,"n"
"SX63",0,0,1,1,1,1,1,"n"
"SX64",0,0,1,1,1,1,1,"n"
"SX65",0,0,1,1,1,1,1,"n"
"SX66",0,0,1,1,1,1,1,"n"
"SX67",0,0,1,1,1,1,1,"n"
"SX68",0,0,1,1,1,1,1,"n"
"SX69",0,0,1,1,1,1,1,"n"
"SX73",0,0,1,1,1,1,1,"n"
"SX74",0,0,1,1,1,1,1,"n"
"SX75",0,0,1,1,1,1,1,"n"
"SX76",0,0,1,1,1,1,1,"n"
"SX77",0,0,1,1,1,1,1,"n"
"SX78",0,1,1,1,1,1,1,"n"
"SX79",0,0,1,1,1,1,1,"n"
"SX83",0,0,0,1,1,1,1,"n"
"SX84",0,0,1,1,1,1,1,"n"
"SX85",0,0,1,1,1,1,1,"n"
"SX86",0,0,1,1,1,1,1,"n"
"SX87",0,1,1,1,1,1,1,"n"
"SX88",0,0,1,1,1,1,1,"n"
"SX89",0,0,1,1,1,1,1,"n"
"SX94",0,0,0,0,1,1,1,"n"
"SX95",0,0,1,1,1,1,1,"n"
"SX96",0,1,1,1,1,1,1,"n"
"SX97",0,1,1,1,1,1,1,"n"
"SX98",0,1,1,1,1,1,1,"n"
"SX99",1,1,1,1,1,1,1,"n"
"SY07",0,0,0,1,1,1,1,"n"
"SY08",0,0,1,1,1,1,1,"n"
"SY09",0,0,1,1,1,1,1,"n"
"SY18",0,0,1,1,1,1,1,"n"
"SY19",0,0,1,1,1,1,1,"n"
"SY28",1,1,1,1,1,1,1,"n"
"SY29",0,0,1,1,1,1,1,"n"
"SY39",0,1,1,1,1,1,1,"n"
"SY48",0,1,0,0,1,1,1,"n"
"SY49",0,1,1,0,1,1,1,"n"
"SY58",0,1,0,1,1,1,1,"n"
"SY59",0,1,1,1,1,1,1,"n"
"SY66",0,1,0,0,1,1,1,"n"
"SY67",0,1,1,1,1,1,1,"n"
"SY68",0,1,1,1,1,1,1,"n"
"SY69",0,1,0,1,1,1,1,"n"
"SY77",0,1,0,1,1,1,1,"n"
"SY78",0,1,1,1,1,1,1,"n"
"SY79",0,1,0,1,1,1,1,"n"
"SY87",0,1,0,0,1,1,0,"n"
"SY88",0,1,0,1,1,1,1,"n"
"SY89",0,1,0,0,1,1,1,"n"
"SY97",0,1,1,1,1,1,1,"n"
"SY98",0,1,0,1,1,1,1,"n"
"SY99",0,1,0,0,1,1,1,"n"
"SZ07",0,1,1,1,1,1,1,"n"
"SZ08",0,1,1,1,1,1,1,"n"
"SZ09",0,1,1,0,1,0,1,"n"
"SZ19",0,1,1,0,1,1,1,"n"
"SZ28",0,0,0,0,1,1,0,"n"
"SZ29",0,1,1,0,1,1,1,"n"
"SZ38",0,0,1,1,1,1,1,"n"
"SZ39",0,1,1,0,1,1,1,"n"
"SZ47",0,0,1,0,1,0,1,"n"
"SZ48",0,0,1,1,1,1,1,"n"
"SZ49",0,0,1,1,1,1,1,"n"
"SZ57",0,0,1,1,1,1,1,"n"
"SZ58",0,0,1,1,1,1,1,"n"
"SZ59",0,0,1,0,1,1,1,"n"
"SZ68",0,0,1,1,1,1,1,"n"
"SZ69",0,0,1,0,1,1,1,"n"
"SZ79",0,0,1,1,1,1,1,"n"
"SZ89",0,0,1,1,1,1,1,"n"
"SZ99",0,0,1,0,1,1,1,"n"
"T04",0,0,0,0,0,0,1,
"T16",0,0,0,0,0,0,1,
"T26",0,0,0,0,0,0,1,
"TA00",0,0,0,0,1,0,0,"n"
"TA01",0,0,1,0,1,0,1,"n"
"TA02",0,1,1,1,0,0,1,"n"
"TA03",0,0,0,1,0,1,1,"n"
"TA04",0,0,0,1,1,0,1,"n"
"TA05",0,0,0,1,0,0,1,"n"
"TA06",0,0,0,1,1,0,0,"n"
"TA07",0,0,0,1,1,1,1,"n"
"TA08",0,0,0,0,0,1,1,
"TA10",0,0,1,1,1,1,1,"n"
"TA11",1,0,1,0,0,1,1,"n"
"TA12",1,0,1,0,0,0,1,"n"
"TA13",0,0,0,1,1,0,1,"n"
"TA14",0,0,0,1,1,0,0,"n"
"TA16",0,0,1,0,0,0,0,"n"
"TA17",0,0,1,1,1,0,0,"n"
"TA18",0,0,0,0,1,0,1,
"TA20",1,0,1,0,0,1,1,"n"
"TA21",0,0,0,0,1,1,1,"n"
"TA27",0,0,0,1,0,0,0,"n"
"TA30",0,0,1,1,0,0,1,"n"
"TA40",0,0,0,1,0,0,0,"n"
"TA41",0,0,0,1,0,0,0,"n"
"TF00",1,1,1,1,1,1,1,"n"
"TF01",1,1,1,1,1,1,1,"n"
"TF02",0,0,1,1,1,0,1,"n"
"TF03",0,0,1,1,1,0,1,"n"
"TF04",0,0,1,1,1,0,1,"n"
"TF05",0,0,1,0,1,0,1,"n"
"TF06",0,0,1,1,1,0,1,"n"
"TF07",0,0,0,1,1,1,1,"n"
"TF08",0,0,0,0,1,1,0,"n"
"TF09",0,0,0,1,1,0,0,"n"
"TF10",0,0,1,1,1,1,1,"n"
"TF11",0,0,0,1,1,0,1,"n"
"TF12",0,0,1,0,1,1,1,"n"
"TF13",0,0,0,0,1,0,1,"n"
"TF14",0,0,0,0,1,1,1,"n"
"TF15",1,0,1,0,0,0,0,"n"
"TF16",0,0,1,0,1,0,1,"n"
"TF17",0,0,0,1,1,1,0,"n"
"TF18",0,0,0,1,0,0,0,"n"
"TF19",0,0,1,1,0,1,1,"n"
"TF20",0,0,1,1,0,1,1,
"TF21",1,0,0,0,0,0,1,
"TF22",0,0,1,0,1,0,1,"n"
"TF23",0,0,1,1,0,0,1,"n"
"TF24",0,0,1,0,1,0,1,"n"
"TF25",0,0,1,0,1,0,1,"n"
"TF26",0,0,1,1,1,0,0,"n"
"TF27",0,0,1,1,1,1,1,"n"
"TF28",0,0,1,1,1,1,1,"n"
"TF29",0,1,0,1,1,1,0,"n"
"TF30",0,0,0,0,1,0,0,"n"
"TF31",0,0,0,0,0,0,1,
"TF32",1,0,1,0,0,0,1,"n"
"TF33",0,0,1,1,1,1,1,"n"
"TF34",1,0,1,1,1,0,1,"n"
"TF35",0,0,0,0,1,0,0,
"TF36",1,0,1,1,1,0,0,"n"
"TF37",0,1,1,1,1,1,1,"n"
"TF38",1,0,0,1,1,1,1,
"TF40",0,0,1,1,1,1,1,"n"
"TF41",0,0,0,1,1,1,1,"n"
"TF42",0,0,0,0,0,0,1,
"TF46",0,0,0,1,1,0,0,"n"
"TF47",0,0,0,1,1,1,1,"n"
"TF48",0,0,0,1,1,0,0,"n"
"TF49",1,0,1,1,0,0,1,"n"
"TF50",0,0,0,1,1,0,0,"n"
"TF51",0,0,0,0,0,0,1,
"TF55",0,0,0,0,0,0,1,
"TF56",1,0,1,0,0,0,0,"n"
"TF57",0,0,0,1,0,0,0,"n"
"TF58",1,0,1,1,0,0,0,"n"
"TF60",0,0,0,1,1,1,1,"n"
"TF61",0,0,1,1,1,1,1,"n"
"TF62",0,0,1,1,1,0,1,"n"
"TF63",0,0,0,1,1,0,0,"n"
"TF64",0,0,1,0,0,0,0,"n"
"TF70",0,0,1,1,1,0,1,"n"
"TF71",0,0,1,1,1,1,1,"n"
"TF72",0,0,1,1,1,1,1,"n"
"TF73",0,0,0,0,0,1,1,
"TF74",0,0,0,0,1,1,1,"n"
"TF80",0,0,1,1,1,1,1,"n"
"TF81",1,0,1,1,1,1,1,"n"
"TF82",0,0,1,1,1,1,1,"n"
"TF83",0,0,1,1,1,1,1,"n"
"TF84",0,0,1,1,1,0,0,"n"
"TF90",0,0,1,1,1,1,1,"n"
"TF91",0,0,1,1,1,1,1,"n"
"TF92",0,0,1,1,1,1,1,"n"
"TF93",0,0,0,1,1,1,1,"n"
"TF94",0,0,1,1,1,0,1,"n"
"TG00",0,0,0,1,1,1,1,"n"
"TG01",0,0,0,1,1,0,1,"n"
"TG02",0,0,0,1,1,1,1,"n"
"TG03",0,0,1,1,1,0,1,"n"
"TG04",0,0,1,1,1,1,1,"n"
"TG10",0,0,0,1,1,1,1,"n"
"TG11",0,0,0,1,1,0,1,"n"
"TG12",0,0,0,1,1,1,1,"n"
"TG13",0,0,1,1,1,1,0,"n"
"TG14",0,0,0,0,0,0,1,
"TG20",0,0,1,1,1,1,1,"n"
"TG21",0,0,1,1,1,1,1,"n"
"TG22",0,0,1,1,1,0,1,"n"
"TG24",0,0,1,0,0,0,1,"n"
"TG30",0,0,1,1,1,0,1,"n"
"TG31",0,0,1,1,1,1,1,"n"
"TG32",0,0,0,0,0,1,1,
"TG33",0,0,0,1,1,0,0,"n"
"TG40",0,0,0,1,1,0,1,"n"
"TG41",0,0,1,1,1,0,0,"n"
"TG42",0,0,0,0,0,0,1,
"TG50",0,0,0,0,0,0,1,
"TG51",0,0,0,0,0,0,1,
"TL00",0,0,1,0,1,1,1,"n"
"TL01",0,0,1,1,1,1,1,"n"
"TL02",0,0,1,1,1,1,1,"n"
"TL03",0,0,1,1,1,1,1,"n"
"TL04",0,0,1,1,1,1,1,"n"
"TL05",0,0,1,1,1,1,1,"n"
"TL06",0,0,1,1,1,1,1,"n"
"TL07",0,0,1,1,1,1,1,"n"
"TL08",0,0,1,1,1,1,1,"n"
"TL09",0,0,1,1,1,1,1,"n"
"TL10",0,0,1,0,1,1,1,"n"
"TL11",0,0,1,1,1,1,1,"n"
"TL12",0,0,1,1,1,1,1,"n"
"TL13",0,0,1,1,1,1,1,"n"
"TL14",0,0,1,1,1,1,1,"n"
"TL15",0,0,1,1,1,1,1,"n"
"TL16",0,0,1,1,1,1,1,"n"
"TL17",0,0,1,1,1,1,1,"n"
"TL18",0,0,1,1,1,1,1,"n"
"TL19",0,0,1,1,1,1,1,"n"
"TL20",0,0,1,1,1,1,1,"n"
"TL21",0,0,1,0,1,1,1,"n"
"TL22",0,0,1,1,1,1,1,"n"
"TL23",1,1,1,1,1,1,1,"n"
"TL24",0,0,1,1,1,1,1,"n"
"TL25",0,0,1,1,1,1,1,"n"
"TL26",0,0,1,1,1,1,1,"n"
"TL27",0,0,1,1,1,1,1,"n"
"TL28",0,0,1,1,1,1,1,"n"
"TL29",0,0,0,1,1,1,1,"n"
"TL30",0,0,1,0,1,0,1,"n"
"TL31",0,0,1,0,1,1,1,"n"
"TL32",0,0,1,0,1,1,1,"n"
"TL33",1,1,1,0,1,1,1,"n"
"TL34",0,1,1,1,1,1,1,"n"
"TL35",0,0,1,1,1,1,1,"n"
"TL36",0,0,1,1,1,1,1,"n"
"TL37",0,0,1,1,1,1,1,"n"
"TL38",0,0,1,1,1,1,1,"n"
"TL39",0,0,0,0,0,0,1,
"TL40",0,0,1,1,1,1,1,"n"
"TL41",0,0,1,0,1,1,1,"n"
"TL42",0,0,1,1,1,1,1,"n"
"TL43",0,0,1,0,1,1,1,"n"
"TL44",0,1,1,1,1,1,1,"n"
"TL45",0,0,1,1,1,1,1,"n"
"TL46",1,0,1,1,1,1,1,"n"
"TL47",1,0,1,1,1,1,1,"n"
"TL48",0,0,1,1,1,1,1,"n"
"TL49",1,0,1,1,1,1,1,"n"
"TL50",0,0,1,0,1,1,1,"n"
"TL51",0,0,1,0,1,1,1,"n"
"TL52",0,0,1,0,1,1,1,"n"
"TL53",1,0,1,0,1,1,1,"n"
"TL54",1,0,1,1,1,1,1,"n"
"TL55",1,0,1,1,1,1,1,"n"
"TL56",1,0,1,1,1,1,1,"n"
"TL57",0,0,1,1,1,1,1,"n"
"TL58",1,0,0,1,1,1,1,"n"
"TL59",0,0,0,0,0,0,1,
"TL60",0,0,1,0,1,1,1,"n"
"TL61",1,0,1,0,1,0,1,"n"
"TL62",1,0,1,1,1,1,1,"n"
"TL63",0,0,1,0,1,0,1,"n"
"TL64",0,0,1,1,1,1,1,"n"
"TL65",0,1,1,1,1,1,1,"n"
"TL66",0,0,1,1,1,1,1,"n"
"TL67",0,1,1,1,1,1,1,"n"
"TL68",0,0,1,1,1,1,1,"n"
"TL69",0,0,0,1,1,0,1,"n"
"TL70",0,0,1,1,1,0,1,"n"
"TL71",0,0,1,0,1,1,1,"n"
"TL72",0,0,1,0,1,1,1,"n"
"TL73",0,0,1,0,1,0,1,"n"
"TL74",0,0,1,1,1,1,1,"n"
"TL75",0,0,1,0,1,1,1,"n"
"TL76",0,0,1,1,1,1,1,"n"
"TL77",0,0,1,1,1,1,1,"n"
"TL78",0,0,1,1,1,1,1,"n"
"TL79",0,0,0,1,1,1,1,"n"
"TL80",0,1,1,1,1,1,1,"n"
"TL81",0,1,1,1,1,0,1,"n"
"TL82",0,1,1,1,1,1,1,"n"
"TL83",1,1,1,1,1,1,1,"n"
"TL84",1,1,1,1,1,1,1,"n"
"TL85",0,0,1,0,1,1,1,"n"
"TL86",0,0,1,1,1,1,1,"n"
"TL87",0,0,1,1,0,1,1,"n"
"TL88",0,0,1,1,1,1,1,"n"
"TL89",0,0,0,1,1,0,0,"n"
"TL90",0,1,1,1,0,0,1,"n"
"TL91",0,1,1,1,1,1,1,"n"
"TL92",0,1,1,1,1,1,1,"n"
"TL93",0,1,1,1,1,1,1,"n"
"TL94",0,0,1,1,1,1,1,"n"
"TL95",0,0,1,1,1,1,1,"n"
"TL96",0,0,1,0,1,1,0,"n"
"TL97",0,0,1,1,1,1,0,"n"
"TL98",0,0,0,1,1,0,0,"n"
"TL99",0,0,1,1,1,1,1,"n"
"TM00",1,1,1,0,0,0,1,"n"
"TM01",0,1,1,1,1,0,1,"n"
"TM02",0,1,1,1,1,1,1,"n"
"TM03",0,1,1,1,1,1,1,"n"
"TM04",0,0,1,1,1,1,1,"n"
"TM05",0,0,1,1,1,1,1,"n"
"TM06",0,0,1,0,1,1,0,"n"
"TM07",0,0,1,1,1,1,1,"n"
"TM08",0,0,1,1,1,1,1,"n"
"TM09",0,0,1,1,1,1,1,"n"
"TM11",0,1,1,1,1,1,1,"n"
"TM12",0,1,1,1,1,1,1,"n"
"TM13",0,1,1,1,1,1,1,"n"
"TM14",1,0,1,1,1,1,1,"n"
"TM15",0,0,1,1,1,1,1,"n"
"TM16",1,0,1,1,1,1,1,"n"
"TM17",0,0,1,1,1,1,1,"n"
"TM18",0,0,1,1,1,1,1,"n"
"TM19",0,0,1,1,1,1,1,"n"
"TM21",0,1,0,0,1,0,0,"n"
"TM22",0,1,1,1,1,0,1,"n"
"TM23",0,1,1,1,1,1,1,"n"
"TM24",0,0,1,1,1,1,0,"n"
"TM25",0,0,1,1,1,1,1,"n"
"TM26",0,1,1,1,1,1,1,"n"
"TM27",1,0,1,1,1,1,1,"n"
"TM28",0,0,1,1,1,1,1,"n"
"TM29",0,0,1,1,1,1,1,"n"
"TM33",0,0,1,0,0,1,0,"n"
"TM34",0,0,1,1,0,1,1,"n"
"TM35",0,0,1,1,1,1,0,"n"
"TM36",0,0,1,1,1,1,1,"n"
"TM37",0,0,1,1,1,1,1,"n"
"TM38",0,0,1,1,1,1,1,"n"
"TM39",0,0,1,1,1,1,1,"n"
"TM44",0,0,0,0,0,1,0,
"TM45",0,0,1,0,0,0,1,"n"
"TM46",0,0,1,1,1,1,1,"n"
"TM47",0,0,1,0,1,1,1,"n"
"TM48",0,0,1,1,1,1,1,"n"
"TM49",0,0,1,1,1,1,1,"n"
"TM57",0,0,1,0,0,0,0,"n"
"TM58",0,0,1,0,1,0,1,"n"
"TM59",0,0,1,0,1,1,1,"n"
"TQ00",0,0,1,0,1,1,1,"n"
"TQ01",0,0,1,0,1,1,1,"n"
"TQ02",0,0,1,0,1,1,1,"n"
"TQ03",0,0,1,0,1,1,1,"n"
"TQ04",0,0,1,1,1,1,1,"n"
"TQ05",0,1,0,0,1,1,1,"n"
"TQ06",0,0,1,1,1,0,1,"n"
"TQ07",1,0,1,1,1,1,1,"n"
"TQ08",0,0,1,1,1,1,1,"n"
"TQ09",0,1,1,1,1,1,1,"n"
"TQ10",0,0,1,0,1,1,1,"n"
"TQ11",0,0,1,0,1,1,1,"n"
"TQ12",0,0,1,0,1,1,1,"n"
"TQ13",0,0,1,1,1,1,1,"n"
"TQ14",0,0,1,1,1,1,1,"n"
"TQ15",0,0,1,1,1,1,1,"n"
"TQ16",1,0,1,1,1,1,1,"n"
"TQ17",0,0,1,0,1,1,1,"n"
"TQ18",1,0,1,0,0,1,1,"n"
"TQ19",0,0,1,0,1,1,1,"n"
"TQ20",0,0,1,0,1,1,1,"n"
"TQ21",0,0,1,1,1,1,1,"n"
"TQ22",0,0,1,0,1,1,1,"n"
"TQ23",0,0,1,0,1,1,1,"n"
"TQ24",0,0,1,1,1,1,1,"n"
"TQ25",0,0,1,1,1,1,1,"n"
"TQ26",1,1,1,0,1,1,1,"n"
"TQ27",0,0,1,0,1,1,1,"n"
"TQ28",1,0,1,0,1,1,1,"n"
"TQ29",0,0,1,0,1,0,0,"n"
"TQ30",0,0,1,1,1,1,1,"n"
"TQ31",0,0,1,0,1,1,1,"n"
"TQ32",0,0,1,0,1,1,1,"n"
"TQ33",0,0,1,0,1,1,1,"n"
"TQ34",0,1,1,0,1,1,1,"n"
"TQ35",1,0,1,1,1,1,1,"n"
"TQ36",1,1,1,0,1,1,1,"n"
"TQ37",0,0,1,0,1,1,1,"n"
"TQ38",0,0,1,1,1,1,1,"n"
"TQ39",1,0,1,0,1,1,1,"n"
"TQ40",0,0,1,1,1,1,1,"n"
"TQ41",1,0,1,0,1,1,1,"n"
"TQ42",0,1,1,0,1,1,1,"n"
"TQ43",0,0,1,1,1,1,1,"n"
"TQ44",0,1,1,1,1,1,1,"n"
"TQ45",0,1,1,1,1,1,1,"n"
"TQ46",0,0,1,1,1,1,1,"n"
"TQ47",0,1,1,1,1,0,1,"n"
"TQ48",1,0,1,0,1,1,1,"n"
"TQ49",0,0,1,1,0,1,1,"n"
"TQ50",0,0,1,1,1,1,1,"n"
"TQ51",0,0,1,0,1,1,1,"n"
"TQ52",0,0,1,0,1,1,1,"n"
"TQ53",0,0,1,1,1,1,1,"n"
"TQ54",0,0,1,1,1,0,1,"n"
"TQ55",0,0,1,1,1,1,1,"n"
"TQ56",0,0,1,1,1,1,1,"n"
"TQ57",0,0,1,1,1,1,1,"n"
"TQ58",0,0,1,0,1,1,1,"n"
"TQ59",0,0,1,1,0,1,1,"n"
"TQ60",0,0,1,0,1,1,1,"n"
"TQ61",0,0,1,0,1,1,1,"n"
"TQ62",0,0,1,0,1,1,1,"n"
"TQ63",0,0,1,1,1,1,1,"n"
"TQ64",0,0,1,1,1,0,1,"n"
"TQ65",0,0,1,1,1,0,1,"n"
"TQ66",0,0,1,1,1,1,1,"n"
"TQ67",0,0,1,1,1,1,1,"n"
"TQ68",0,0,1,1,1,1,1,"n"
"TQ69",0,0,1,0,1,1,1,"n"
"TQ70",0,0,1,0,0,1,1,"n"
"TQ71",0,0,1,0,1,1,1,"n"
"TQ72",0,0,1,1,1,1,1,"n"
"TQ73",0,0,1,1,1,1,1,"n"
"TQ74",0,0,1,1,1,1,1,"n"
"TQ75",0,0,1,1,1,1,1,"n"
"TQ76",0,0,1,1,1,1,1,"n"
"TQ77",0,0,1,1,1,1,1,"n"
"TQ78",0,0,1,0,1,1,1,"n"
"TQ79",0,0,1,0,1,1,1,"n"
"TQ81",0,0,1,0,1,1,1,"n"
"TQ82",0,0,1,1,1,1,1,"n"
"TQ83",0,0,1,1,1,1,1,"n"
"TQ84",0,0,1,1,1,0,1,"n"
"TQ85",0,0,1,1,1,0,1,"n"
"TQ86",0,0,1,1,1,1,1,"n"
"TQ87",0,0,1,1,1,1,1,"n"
"TQ88",0,0,1,0,1,1,1,"n"
"TQ89",0,0,1,0,1,0,1,"n"
"TQ91",0,0,1,1,1,1,1,"n"
"TQ92",0,0,1,1,1,1,1,"n"
"TQ93",0,0,1,1,1,1,1,"n"
"TQ94",0,0,1,1,1,1,1,"n"
"TQ95",0,0,1,1,1,1,1,"n"
"TQ96",0,0,1,1,1,1,1,"n"
"TQ97",0,0,1,1,1,1,1,"n"
"TQ98",0,0,1,0,1,0,1,"n"
"TQ99",0,0,1,0,1,0,1,"n"
"TR01",0,0,1,1,1,1,1,"n"
"TR02",0,0,1,1,1,1,1,"n"
"TR03",0,0,1,1,1,1,1,"n"
"TR04",0,1,1,1,1,1,1,"n"
"TR05",0,0,1,1,1,1,1,"n"
"TR06",0,0,1,1,1,0,1,"n"
"TR07",0,0,1,1,1,1,1,"n"
"TR09",0,0,1,0,1,0,1,"n"
"TR12",0,0,0,1,0,0,0,
"TR13",0,0,1,1,1,0,1,"n"
"TR14",0,0,1,1,1,0,1,"n"
"TR15",0,0,1,1,1,1,1,"n"
"TR16",0,0,1,1,1,1,1,"n"
"TR23",0,0,1,1,1,0,1,"n"
"TR24",0,0,1,1,1,0,1,"n"
"TR25",0,0,1,1,1,0,1,"n"
"TR26",0,0,1,1,1,1,1,"n"
"TR33",0,0,0,1,1,0,1,"n"
"TR34",0,0,1,1,1,0,1,"n"
"TR35",0,1,1,1,1,1,1,"n"
"TR36",0,0,1,1,1,1,1,"n"
"TR37",0,0,0,1,1,0,1,"n"
"TR46",0,0,0,1,1,0,1,"n"
"TR47",0,0,0,0,1,0,0,"n"
"TV49",0,0,1,0,1,1,0,"n"
"TV59",0,0,1,1,1,1,1,"n"
"TV69",0,0,1,0,1,1,0,"n"
"W26",0,0,0,0,0,1,0,
"W27",0,0,0,0,1,0,0,"a"
"W67",0,0,0,0,1,0,0,"a"
"W75",1,0,0,0,0,0,0,
"W86",1,0,0,0,0,0,0,"a"
"W87",1,0,0,0,0,0,1,"a"
"WA50",1,1,1,1,1,0,1,"n"
"WA60",1,1,0,0,1,0,1,"n"
"WV27",0,0,1,1,1,1,1,"n"
"WV28",0,0,0,1,1,1,1,"n"
"WV37",0,0,0,1,1,1,1,"n"
"WV38",1,0,1,1,1,1,1,"n"
"WV47",0,0,1,0,1,1,1,"n"
"WV48",0,0,0,0,1,1,1,"n"
"WV54",0,0,0,0,1,0,1,"n"
"WV55",0,0,0,0,1,1,1,"n"
"WV64",0,0,0,0,1,0,1,"n"
"WV65",0,0,1,0,1,0,1,"n"
"WV74",0,0,0,0,1,0,0,"n"
"WV75",0,0,0,0,1,0,1,"n"
"X17",1,1,0,0,0,0,0,
"X19",1,1,0,0,0,0,0,
